Frequency (Hz)	Level (dB)
1.345825	-108.444717
2.691650	-100.975853
4.037476	-96.723473
5.383301	-94.480904
6.729126	-92.357208
8.074951	-93.355034
9.420776	-89.134651
10.766602	-85.142342
12.112427	-84.720360
13.458252	-85.326080
14.804077	-85.854912
16.149902	-85.476631
17.495728	-83.786964
18.841553	-83.127846
20.187378	-83.715912
21.533203	-82.389793
22.879028	-80.633354
24.224854	-81.055901
25.570679	-81.106544
26.916504	-80.789597
28.262329	-80.483368
29.608154	-80.470688
30.953979	-81.441513
32.299805	-82.077049
33.645630	-82.332870
34.991455	-81.243813
36.337280	-80.559807
37.683105	-81.174515
39.028931	-81.924919
40.374756	-81.024483
41.720581	-81.010277
43.066406	-80.596512
44.412231	-79.645851
45.758057	-79.755371
47.103882	-78.745155
48.449707	-78.874641
49.795532	-78.527061
51.141357	-77.800438
52.487183	-77.156250
53.833008	-76.275337
55.178833	-75.766205
56.524658	-75.245247
57.870483	-75.690437
59.216309	-75.881454
60.562134	-75.612404
61.907959	-75.242065
63.253784	-74.742447
64.599609	-76.609451
65.945435	-77.654648
67.291260	-77.442917
68.637085	-77.604599
69.982910	-77.185455
71.328735	-76.221443
72.674561	-75.904297
74.020386	-75.794731
75.366211	-76.372803
76.712036	-76.894867
78.057861	-77.101601
79.403687	-77.445221
80.749512	-78.212204
82.095337	-78.114670
83.441162	-77.761421
84.786987	-76.596840
86.132812	-76.461609
87.478638	-77.263527
88.824463	-77.169121
90.170288	-77.928848
91.516113	-77.185944
92.861938	-77.281235
94.207764	-77.564812
95.553589	-77.797546
96.899414	-77.857033
98.245239	-77.570221
99.591064	-77.110237
100.936890	-77.281311
102.282715	-77.119522
103.628540	-76.156342
104.974365	-75.999420
106.320190	-75.798210
107.666016	-75.334526
109.011841	-74.977493
110.357666	-74.864288
111.703491	-74.806335
113.049316	-73.892578
114.395142	-72.900917
115.740967	-73.114914
117.086792	-73.105751
118.432617	-71.366142
119.778442	-67.486359
121.124268	-67.885460
122.470093	-71.649208
123.815918	-73.069153
125.161743	-73.154518
126.507568	-73.046028
127.853394	-72.746223
129.199219	-72.439705
130.545044	-72.445259
131.890869	-72.761330
133.236694	-72.815948
134.582520	-72.679993
135.928345	-72.739822
137.274170	-72.767418
138.619995	-72.849442
139.965820	-72.609543
141.311646	-72.355026
142.657471	-72.778275
144.003296	-73.283089
145.349121	-72.396530
146.694946	-72.599602
148.040771	-72.729370
149.386597	-72.869743
150.732422	-73.173065
152.078247	-73.418907
153.424072	-72.152298
154.769897	-72.699371
156.115723	-72.336258
157.461548	-71.063698
158.807373	-71.706657
160.153198	-71.510757
161.499023	-70.935326
162.844849	-70.844032
164.190674	-71.247734
165.536499	-70.844620
166.882324	-70.249496
168.228149	-69.939346
169.573975	-69.538765
170.919800	-69.081299
172.265625	-68.622429
173.611450	-68.355644
174.957275	-67.959061
176.303101	-67.510971
177.648926	-67.166336
178.994751	-66.888931
180.340576	-66.810326
181.686401	-66.529984
183.032227	-66.085098
184.378052	-65.822792
185.723877	-65.644936
187.069702	-65.386673
188.415527	-65.089180
189.761353	-64.845474
191.107178	-64.721771
192.453003	-64.667213
193.798828	-64.454208
195.144653	-64.136040
196.490479	-63.847847
197.836304	-63.748539
199.182129	-63.567863
200.527954	-63.416008
201.873779	-63.212559
203.219604	-63.030621
204.565430	-62.934528
205.911255	-62.632309
207.257080	-62.427284
208.602905	-62.247025
209.948730	-61.812901
211.294556	-61.707283
212.640381	-61.100502
213.986206	-60.735443
215.332031	-60.373180
216.677856	-59.832069
218.023682	-59.211285
219.369507	-58.824547
220.715332	-58.259659
222.061157	-57.822083
223.406982	-57.518230
224.752808	-57.157005
226.098633	-56.682236
227.444458	-56.414654
228.790283	-56.377605
230.136108	-56.447277
231.481934	-56.472984
232.827759	-56.647964
234.173584	-56.904064
235.519409	-57.133759
236.865234	-57.369987
238.211060	-57.571957
239.556885	-57.868382
240.902710	-57.359108
242.248535	-57.758411
243.594360	-58.996555
244.940186	-59.293503
246.286011	-59.649666
247.631836	-60.029503
248.977661	-60.351837
250.323486	-60.766972
251.669312	-61.235542
253.015137	-61.660637
254.360962	-62.075691
255.706787	-62.550678
257.052612	-63.027611
258.398438	-63.433468
259.744263	-63.850517
261.090088	-64.263504
262.435913	-64.634834
263.781738	-65.153679
265.127563	-65.649254
266.473389	-65.986031
267.819214	-66.445282
269.165039	-66.829559
270.510864	-67.152756
271.856689	-67.549927
273.202515	-67.878746
274.548340	-68.138863
275.894165	-68.334213
277.239990	-68.478264
278.585815	-68.596100
279.931641	-68.574844
281.277466	-68.667412
282.623291	-68.824883
283.969116	-68.856529
285.314941	-68.724991
286.660767	-68.630768
288.006592	-68.630653
289.352417	-68.479790
290.698242	-68.357513
292.044067	-68.328011
293.389893	-68.150787
294.735718	-68.058548
296.081543	-68.017754
297.427368	-67.968452
298.773193	-67.859756
300.119019	-67.823761
301.464844	-67.806541
302.810669	-67.739899
304.156494	-67.751648
305.502319	-67.825752
306.848145	-67.856430
308.193970	-67.889877
309.539795	-67.971985
310.885620	-68.106941
312.231445	-68.239937
313.577271	-68.335564
314.923096	-68.466850
316.268921	-68.591194
317.614746	-68.708038
318.960571	-68.879105
320.306396	-69.192490
321.652222	-69.387589
322.998047	-69.551346
324.343872	-69.810020
325.689697	-69.934334
327.035522	-70.187828
328.381348	-70.364304
329.727173	-70.567116
331.072998	-70.848480
332.418823	-71.099380
333.764648	-71.155006
335.110474	-71.267151
336.456299	-71.294365
337.802124	-71.373062
339.147949	-71.495255
340.493774	-71.372452
341.839600	-71.299713
343.185425	-71.221817
344.531250	-70.901840
345.877075	-70.742630
347.222900	-70.556892
348.568726	-70.391449
349.914551	-70.085686
351.260376	-69.812851
352.606201	-69.569153
353.952026	-69.228729
355.297852	-68.965340
356.643677	-68.781250
357.989502	-68.550949
359.335327	-68.346252
360.681152	-68.208809
362.026978	-68.044930
363.372803	-67.878365
364.718628	-67.747704
366.064453	-67.662827
367.410278	-67.551041
368.756104	-67.438057
370.101929	-67.378433
371.447754	-67.335419
372.793579	-67.263168
374.139404	-67.250725
375.485229	-67.282059
376.831055	-67.278061
378.176880	-67.270813
379.522705	-67.311142
380.868530	-67.434395
382.214355	-67.541092
383.560181	-67.593689
384.906006	-67.644386
386.251831	-67.706833
387.597656	-67.805206
388.943481	-67.801918
390.289307	-67.918007
391.635132	-68.078178
392.980957	-68.050865
394.326782	-68.120132
395.672607	-68.076118
397.018433	-67.939980
398.364258	-67.930893
399.710083	-67.769272
401.055908	-67.557404
402.401733	-67.293472
403.747559	-66.999382
405.093384	-66.666412
406.439209	-66.297295
407.785034	-65.925659
409.130859	-65.607864
410.476685	-65.065292
411.822510	-64.570068
413.168335	-64.135078
414.514160	-63.709949
415.859985	-63.270329
417.205811	-62.775620
418.551636	-62.324558
419.897461	-61.885330
421.243286	-61.408482
422.589111	-60.997669
423.934937	-60.569370
425.280762	-60.132717
426.626587	-59.723282
427.972412	-59.319237
429.318237	-58.918926
430.664062	-58.535851
432.009888	-58.153534
433.355713	-57.757385
434.701538	-57.397636
436.047363	-57.079079
437.393188	-56.748486
438.739014	-56.434254
440.084839	-56.131809
441.430664	-55.840378
442.776489	-55.578831
444.122314	-55.359058
445.468140	-55.226032
446.813965	-55.107418
448.159790	-55.070957
449.505615	-55.057129
450.851440	-55.138733
452.197266	-55.245399
453.543091	-55.496555
454.888916	-55.723732
456.234741	-56.082836
457.580566	-56.488201
458.926392	-56.855343
460.272217	-57.238396
461.618042	-57.577644
462.963867	-57.966488
464.309692	-58.314598
465.655518	-58.674938
467.001343	-58.887894
468.347168	-59.231907
469.692993	-59.491314
471.038818	-59.650967
472.384644	-59.889236
473.730469	-60.025967
475.076294	-60.220455
476.422119	-60.353565
477.767944	-60.507027
479.113770	-60.674717
480.459595	-60.804367
481.805420	-60.952194
483.151245	-61.117439
484.497070	-61.268562
485.842896	-61.430305
487.188721	-61.607094
488.534546	-61.799480
489.880371	-61.991596
491.226196	-62.158688
492.572021	-62.338196
493.917847	-62.571140
495.263672	-62.819237
496.609497	-63.067543
497.955322	-63.302620
499.301147	-63.497589
500.646973	-63.812019
501.992798	-64.138535
503.338623	-64.424591
504.684448	-64.750092
506.030273	-65.076836
507.376099	-65.417419
508.721924	-65.740364
510.067749	-66.016129
511.413574	-66.350517
512.759399	-66.757858
514.105225	-67.040741
515.451050	-67.321861
516.796875	-67.579353
518.142700	-67.861237
519.488525	-68.042610
520.834351	-68.235764
522.180176	-68.315498
523.526001	-68.466980
524.871826	-68.481529
526.217651	-68.537216
527.563477	-68.503098
528.909302	-68.405968
530.255127	-68.334358
531.600952	-68.252434
532.946777	-68.079178
534.292603	-67.957184
535.638428	-67.790794
536.984253	-67.661911
538.330078	-67.532837
539.675903	-67.377922
541.021729	-67.238884
542.367554	-67.168404
543.713379	-67.069550
545.059204	-66.956474
546.405029	-66.901169
547.750854	-66.852524
549.096680	-66.800224
550.442505	-66.778511
551.788330	-66.759254
553.134155	-66.744728
554.479980	-66.790665
555.825806	-66.874313
557.171631	-66.891930
558.517456	-66.893761
559.863281	-67.036858
561.209106	-67.199295
562.554932	-67.319138
563.900757	-67.436356
565.246582	-67.594276
566.592407	-67.777428
567.938232	-67.963585
569.284058	-68.137001
570.629883	-68.345917
571.975708	-68.505013
573.321533	-68.660484
574.667358	-68.854912
576.013184	-68.982903
577.359009	-69.113266
578.704834	-69.232841
580.050659	-69.360664
581.396484	-69.472076
582.742310	-69.454498
584.088135	-69.394821
585.433960	-69.321724
586.779785	-69.232239
588.125610	-69.056915
589.471436	-68.864326
590.817261	-68.653938
592.163086	-68.398026
593.508911	-68.051506
594.854736	-67.836929
596.200562	-67.548248
597.546387	-67.229630
598.892212	-66.960533
600.238037	-66.679665
601.583862	-66.373466
602.929688	-66.069122
604.275513	-65.854683
605.621338	-65.627037
606.967163	-65.378220
608.312988	-65.158485
609.658813	-64.959961
611.004639	-64.775383
612.350464	-64.608086
613.696289	-64.461884
615.042114	-64.322227
616.387939	-64.193489
617.733765	-64.084518
619.079590	-63.988487
620.425415	-63.917149
621.771240	-63.864479
623.117065	-63.822338
624.462891	-63.791458
625.808716	-63.759106
627.154541	-63.775291
628.500366	-63.775517
629.846191	-63.749588
631.192017	-63.748505
632.537842	-63.761612
633.883667	-63.777370
635.229492	-63.766342
636.575317	-63.707451
637.921143	-63.669281
639.266968	-63.614815
640.612793	-63.508167
641.958618	-63.332714
643.304443	-63.160267
644.650269	-62.944515
645.996094	-62.611427
647.341919	-62.275940
648.687744	-61.829979
650.033569	-61.398647
651.379395	-60.884506
652.725220	-60.372875
654.071045	-59.780994
655.416870	-59.186005
656.762695	-58.572964
658.108521	-57.950634
659.454346	-57.333591
660.800171	-56.680805
662.145996	-56.040585
663.491821	-55.400806
664.837646	-54.760315
666.183472	-54.141716
667.529297	-53.554062
668.875122	-52.993965
670.220947	-52.476200
671.566772	-52.016811
672.912598	-51.630726
674.258423	-51.323154
675.604248	-51.107868
676.950073	-51.001270
678.295898	-51.000313
679.641724	-51.110859
680.987549	-51.350040
682.333374	-51.674717
683.679199	-52.072956
685.025024	-52.568157
686.370850	-53.094814
687.716675	-53.648087
689.062500	-54.244694
690.408325	-54.855270
691.754150	-55.496658
693.099976	-56.112011
694.445801	-56.715389
695.791626	-57.335094
697.137451	-57.924324
698.483276	-58.517879
699.829102	-59.085670
701.174927	-59.585865
702.520752	-60.064911
703.866577	-60.493835
705.212402	-60.851223
706.558228	-61.187069
707.904053	-61.476597
709.249878	-61.737049
710.595703	-61.920620
711.941528	-62.042156
713.287354	-62.156189
714.633179	-62.219990
715.979004	-62.273262
717.324829	-62.291168
718.670654	-62.290531
720.016479	-62.286411
721.362305	-62.306721
722.708130	-62.277840
724.053955	-62.276642
725.399780	-62.314285
726.745605	-62.340492
728.091431	-62.361149
729.437256	-62.393955
730.783081	-62.453300
732.128906	-62.527309
733.474731	-62.602253
734.820557	-62.689453
736.166382	-62.797596
737.512207	-62.930809
738.858032	-63.070076
740.203857	-63.220856
741.549683	-63.395924
742.895508	-63.578308
744.241333	-63.795322
745.587158	-64.033752
746.932983	-64.269333
748.278809	-64.501694
749.624634	-64.744057
750.970459	-64.988510
752.316284	-65.288002
753.662109	-65.571297
755.007935	-65.848022
756.353760	-66.132683
757.699585	-66.437569
759.045410	-66.686684
760.391235	-66.942337
761.737061	-67.217628
763.082886	-67.373909
764.428711	-67.518272
765.774536	-67.689621
767.120361	-67.773537
768.466187	-67.859169
769.812012	-67.877350
771.157837	-67.829224
772.503662	-67.745079
773.849487	-67.654816
775.195312	-67.544296
776.541138	-67.353119
777.886963	-67.185135
779.232788	-67.014481
780.578613	-66.778671
781.924438	-66.576935
783.270264	-66.391266
784.616089	-66.218597
785.961914	-66.021721
787.307739	-65.826637
788.653564	-65.650314
789.999390	-65.538162
791.345215	-65.428055
792.691040	-65.283241
794.036865	-65.152084
795.382690	-65.059929
796.728516	-64.994980
798.074341	-64.946991
799.420166	-64.921654
800.765991	-64.923050
802.111816	-64.929611
803.457642	-64.943756
804.803467	-64.973122
806.149292	-65.029015
807.495117	-65.099594
808.840942	-65.187820
810.186768	-65.292488
811.532593	-65.386070
812.878418	-65.533226
814.224243	-65.660393
815.570068	-65.758400
816.915894	-65.898911
818.261719	-66.051918
819.607544	-66.160423
820.953369	-66.287392
822.299194	-66.390724
823.645020	-66.486137
824.990845	-66.565605
826.336670	-66.591080
827.682495	-66.596870
829.028320	-66.636086
830.374146	-66.579521
831.719971	-66.443779
833.065796	-66.328079
834.411621	-66.168022
835.757446	-65.959534
837.103271	-65.678596
838.449097	-65.385574
839.794922	-65.082039
841.140747	-64.728050
842.486572	-64.399101
843.832397	-64.060097
845.178223	-63.741962
846.524048	-63.299091
847.869873	-62.906223
849.215698	-62.596111
850.561523	-62.244617
851.907349	-61.938690
853.253174	-61.628361
854.598999	-61.326130
855.944824	-61.048687
857.290649	-60.776344
858.636475	-60.498642
859.982300	-60.250118
861.328125	-60.020981
862.673950	-59.806793
864.019775	-59.608398
865.365601	-59.416271
866.711426	-59.220749
868.057251	-59.025780
869.403076	-58.854717
870.748901	-58.712666
872.094727	-58.544575
873.440552	-58.392952
874.786377	-58.264668
876.132202	-58.125034
877.478027	-57.964787
878.823853	-57.785431
880.169678	-57.586983
881.515503	-57.376106
882.861328	-57.160488
884.207153	-56.919640
885.552979	-56.615490
886.898804	-56.246548
888.244629	-55.871754
889.590454	-55.413483
890.936279	-54.902950
892.282104	-54.344044
893.627930	-53.763962
894.973755	-53.135143
896.319580	-52.563068
897.665405	-51.995926
899.011230	-51.459381
900.357056	-51.019867
901.702881	-50.714615
903.048706	-50.524872
904.394531	-50.451092
905.740356	-50.466152
907.086182	-50.579876
908.432007	-50.796829
909.777832	-51.062134
911.123657	-51.377377
912.469482	-51.728279
913.815308	-52.086475
915.161133	-52.474503
916.506958	-52.868801
917.852783	-53.275276
919.198608	-53.696869
920.544434	-54.112759
921.890259	-54.524323
923.236084	-54.952351
924.581909	-55.390305
925.927734	-55.796547
927.273560	-56.183769
928.619385	-56.618671
929.965210	-57.058315
931.311035	-57.465656
932.656860	-57.910591
934.002686	-58.358490
935.348511	-58.787243
936.694336	-59.206696
938.040161	-59.623238
939.385986	-60.083149
940.731812	-60.508865
942.077637	-60.899181
943.423462	-61.265453
944.769287	-61.663956
946.115112	-61.984001
947.460938	-62.323185
948.806763	-62.616531
950.152588	-62.843918
951.498413	-63.060970
952.844238	-63.215847
954.190063	-63.314629
955.535889	-63.412170
956.881714	-63.440086
958.227539	-63.422646
959.573364	-63.418934
960.919189	-63.374851
962.265015	-63.284203
963.610840	-63.199535
964.956665	-63.101257
966.302490	-63.008202
967.648315	-62.931526
968.994141	-62.863640
970.339966	-62.796116
971.685791	-62.724644
973.031616	-62.674236
974.377441	-62.635757
975.723267	-62.617359
977.069092	-62.604137
978.414917	-62.606747
979.760742	-62.631184
981.106567	-62.663151
982.452393	-62.716728
983.798218	-62.781048
985.144043	-62.852680
986.489868	-62.955223
987.835693	-63.085423
989.181519	-63.230274
990.527344	-63.391521
991.873169	-63.544182
993.218994	-63.732704
994.564819	-63.933582
995.910645	-64.127411
997.256470	-64.345688
998.602295	-64.573364
999.948120	-64.799850
1001.293945	-65.042007
1002.639771	-65.285782
1003.985596	-65.505325
1005.331421	-65.728500
1006.677246	-65.928650
1008.023071	-66.086372
1009.368896	-66.204849
1010.714722	-66.310982
1012.060547	-66.420120
1013.406372	-66.427208
1014.752197	-66.430756
1016.098022	-66.353806
1017.443848	-66.239937
1018.789673	-66.131508
1020.135498	-65.987198
1021.481323	-65.732712
1022.827148	-65.527664
1024.172974	-65.287727
1025.518799	-65.055222
1026.864624	-64.797081
1028.210449	-64.540459
1029.556274	-64.315697
1030.902100	-64.071632
1032.247925	-63.858471
1033.593750	-63.679466
1034.939575	-63.471615
1036.285400	-63.283993
1037.631226	-63.116417
1038.977051	-62.952549
1040.322876	-62.795780
1041.668701	-62.687271
1043.014526	-62.609283
1044.360352	-62.519093
1045.706177	-62.431091
1047.052002	-62.376591
1048.397827	-62.349030
1049.743652	-62.339851
1051.089478	-62.340805
1052.435303	-62.351742
1053.781128	-62.369247
1055.126953	-62.402412
1056.472778	-62.457169
1057.818604	-62.522488
1059.164429	-62.586784
1060.510254	-62.654026
1061.856079	-62.723438
1063.201904	-62.822571
1064.547729	-62.910446
1065.893555	-62.989433
1067.239380	-63.013908
1068.585205	-63.052917
1069.931030	-63.026691
1071.276855	-63.019501
1072.622681	-62.937424
1073.968506	-62.814995
1075.314331	-62.623569
1076.660156	-62.416729
1078.005981	-62.191425
1079.351807	-61.873837
1080.697632	-61.545959
1082.043457	-61.173038
1083.389282	-60.776585
1084.735107	-60.338314
1086.080933	-59.876472
1087.426758	-59.430565
1088.772583	-58.994167
1090.118408	-58.535500
1091.464233	-58.072136
1092.810059	-57.615993
1094.155884	-57.164951
1095.501709	-56.720947
1096.847534	-56.271027
1098.193359	-55.830589
1099.539185	-55.403328
1100.885010	-54.984531
1102.230835	-54.573193
1103.576660	-54.168087
1104.922485	-53.765171
1106.268311	-53.371338
1107.614136	-52.987804
1108.959961	-52.609425
1110.305786	-52.239017
1111.651611	-51.875042
1112.997437	-51.520401
1114.343262	-51.175812
1115.689087	-50.844063
1117.034912	-50.521450
1118.380737	-50.210518
1119.726562	-49.927834
1121.072388	-49.694885
1122.418213	-49.475388
1123.764038	-49.309494
1125.109863	-49.213413
1126.455688	-49.173965
1127.801514	-49.202663
1129.147339	-49.315720
1130.493164	-49.529434
1131.838989	-49.805527
1133.184814	-50.138012
1134.530640	-50.513535
1135.876465	-50.938095
1137.222290	-51.352943
1138.568115	-51.765202
1139.913940	-52.175789
1141.259766	-52.552464
1142.605591	-52.902199
1143.951416	-53.234268
1145.297241	-53.544296
1146.643066	-53.819332
1147.988892	-54.076973
1149.334717	-54.332512
1150.680542	-54.572468
1152.026367	-54.801907
1153.372192	-55.032307
1154.718018	-55.252628
1156.063843	-55.464901
1157.409668	-55.684486
1158.755493	-55.910988
1160.101318	-56.149872
1161.447144	-56.394691
1162.792969	-56.644283
1164.138794	-56.900620
1165.484619	-57.161942
1166.830444	-57.433285
1168.176270	-57.717503
1169.522095	-58.002556
1170.867920	-58.300285
1172.213745	-58.617008
1173.559570	-58.931427
1174.905396	-59.260220
1176.251221	-59.599895
1177.597046	-59.938755
1178.942871	-60.305447
1180.288696	-60.679886
1181.634521	-61.037403
1182.980347	-61.408493
1184.326172	-61.766121
1185.671997	-62.121250
1187.017822	-62.487297
1188.363647	-62.851208
1189.709473	-63.171089
1191.055298	-63.460728
1192.401123	-63.747185
1193.746948	-63.999584
1195.092773	-64.198242
1196.438599	-64.395126
1197.784424	-64.493736
1199.130249	-64.578331
1200.476074	-64.616196
1201.821899	-64.584312
1203.167725	-64.537849
1204.513550	-64.460754
1205.859375	-64.349503
1207.205200	-64.230904
1208.551025	-64.073723
1209.896851	-63.926044
1211.242676	-63.746284
1212.588501	-63.594139
1213.934326	-63.452843
1215.280151	-63.298771
1216.625977	-63.158878
1217.971802	-63.032093
1219.317627	-62.924561
1220.663452	-62.816883
1222.009277	-62.724144
1223.355103	-62.657497
1224.700928	-62.603451
1226.046753	-62.563087
1227.392578	-62.551952
1228.738403	-62.558289
1230.084229	-62.581997
1231.430054	-62.625858
1232.775879	-62.676956
1234.121704	-62.760807
1235.467529	-62.859062
1236.813354	-62.957539
1238.159180	-63.077515
1239.505005	-63.223721
1240.850830	-63.368557
1242.196655	-63.528339
1243.542480	-63.705521
1244.888306	-63.871437
1246.234131	-64.046158
1247.579956	-64.222771
1248.925781	-64.415039
1250.271606	-64.594635
1251.617432	-64.736954
1252.963257	-64.877724
1254.309082	-64.963730
1255.654907	-65.063080
1257.000732	-65.102875
1258.346558	-65.080902
1259.692383	-65.067444
1261.038208	-64.974571
1262.384033	-64.832512
1263.729858	-64.651657
1265.075684	-64.441048
1266.421509	-64.198288
1267.767334	-63.943390
1269.113159	-63.691605
1270.458984	-63.412033
1271.804810	-63.113358
1273.150635	-62.833836
1274.496460	-62.536049
1275.842285	-62.244652
1277.188110	-61.971935
1278.533936	-61.706181
1279.879761	-61.458244
1281.225586	-61.218533
1282.571411	-60.993591
1283.917236	-60.801685
1285.263062	-60.613613
1286.608887	-60.431534
1287.954712	-60.271725
1289.300537	-60.122581
1290.646362	-59.989101
1291.992188	-59.884548
1293.338013	-59.791065
1294.683838	-59.703674
1296.029663	-59.629230
1297.375488	-59.565681
1298.721313	-59.521797
1300.067139	-59.495262
1301.412964	-59.469685
1302.758789	-59.462631
1304.104614	-59.477558
1305.450439	-59.477180
1306.796265	-59.473381
1308.142090	-59.472557
1309.487915	-59.472652
1310.833740	-59.468170
1312.179565	-59.433605
1313.525391	-59.377552
1314.871216	-59.269806
1316.217041	-59.145073
1317.562866	-59.005566
1318.908691	-58.774773
1320.254517	-58.505970
1321.600342	-58.199326
1322.946167	-57.825062
1324.291992	-57.406010
1325.637817	-56.915951
1326.983643	-56.420895
1328.329468	-55.873146
1329.675293	-55.287437
1331.021118	-54.676289
1332.366943	-54.054306
1333.712769	-53.408211
1335.058594	-52.749756
1336.404419	-52.089352
1337.750244	-51.414089
1339.096069	-50.747166
1340.441895	-50.079594
1341.787720	-49.418892
1343.133545	-48.777473
1344.479370	-48.160164
1345.825195	-47.578381
1347.171021	-47.050861
1348.516846	-46.591511
1349.862671	-46.217365
1351.208496	-45.951004
1352.554321	-45.809772
1353.900146	-45.796890
1355.245972	-45.917088
1356.591797	-46.169277
1357.937622	-46.530560
1359.283447	-46.988091
1360.629272	-47.524372
1361.975098	-48.114647
1363.320923	-48.742138
1364.666748	-49.397537
1366.012573	-50.076305
1367.358398	-50.745575
1368.704224	-51.413517
1370.050049	-52.080696
1371.395874	-52.732922
1372.741699	-53.357918
1374.087524	-53.955788
1375.433350	-54.541573
1376.779175	-55.068043
1378.125000	-55.546783
1379.470825	-55.995098
1380.816650	-56.389706
1382.162476	-56.722794
1383.508301	-57.000416
1384.854126	-57.236607
1386.199951	-57.416157
1387.545776	-57.566067
1388.891602	-57.669460
1390.237427	-57.740780
1391.583252	-57.794865
1392.929077	-57.820721
1394.274902	-57.841755
1395.620728	-57.851471
1396.966553	-57.874176
1398.312378	-57.880070
1399.658203	-57.894665
1401.004028	-57.916409
1402.349854	-57.936310
1403.695679	-57.967121
1405.041504	-58.014145
1406.387329	-58.073895
1407.733154	-58.141979
1409.078979	-58.226440
1410.424805	-58.331940
1411.770630	-58.453613
1413.116455	-58.585918
1414.462280	-58.736477
1415.808105	-58.898201
1417.153931	-59.069500
1418.499756	-59.261562
1419.845581	-59.479092
1421.191406	-59.708549
1422.537231	-59.937855
1423.883057	-60.183926
1425.228882	-60.443970
1426.574707	-60.709614
1427.920532	-60.974743
1429.266357	-61.269356
1430.612183	-61.558830
1431.958008	-61.838081
1433.303833	-62.127953
1434.649658	-62.381580
1435.995483	-62.628254
1437.341309	-62.858185
1438.687134	-63.068478
1440.032959	-63.222694
1441.378784	-63.339924
1442.724609	-63.426731
1444.070435	-63.458488
1445.416260	-63.444965
1446.762085	-63.406296
1448.107910	-63.314186
1449.453735	-63.208103
1450.799561	-63.066895
1452.145386	-62.895645
1453.491211	-62.700706
1454.837036	-62.512531
1456.182861	-62.320210
1457.528687	-62.124470
1458.874512	-61.918919
1460.220337	-61.729286
1461.566162	-61.561623
1462.911987	-61.381134
1464.257812	-61.212959
1465.603638	-61.073162
1466.949463	-60.948723
1468.295288	-60.838966
1469.641113	-60.742321
1470.986938	-60.662605
1472.332764	-60.604767
1473.678589	-60.566994
1475.024414	-60.540394
1476.370239	-60.532673
1477.716064	-60.534622
1479.061890	-60.553047
1480.407715	-60.604256
1481.753540	-60.659618
1483.099365	-60.740456
1484.445190	-60.838039
1485.791016	-60.941681
1487.136841	-61.058281
1488.482666	-61.187759
1489.828491	-61.325340
1491.174316	-61.460499
1492.520142	-61.601364
1493.865967	-61.744514
1495.211792	-61.883728
1496.557617	-61.995487
1497.903442	-62.081654
1499.249268	-62.177650
1500.595093	-62.218014
1501.940918	-62.223804
1503.286743	-62.178368
1504.632568	-62.110031
1505.978394	-62.003353
1507.324219	-61.826126
1508.670044	-61.626896
1510.015869	-61.372768
1511.361694	-61.093014
1512.707520	-60.793369
1514.053345	-60.475636
1515.399170	-60.136135
1516.744995	-59.791233
1518.090820	-59.438931
1519.436646	-59.079502
1520.782471	-58.735355
1522.128296	-58.399624
1523.474121	-58.062481
1524.819946	-57.722385
1526.165771	-57.409962
1527.511597	-57.113369
1528.857422	-56.821121
1530.203247	-56.540154
1531.549072	-56.273979
1532.894897	-56.021946
1534.240723	-55.782196
1535.586548	-55.557880
1536.932373	-55.346088
1538.278198	-55.145832
1539.624023	-54.959694
1540.969849	-54.780457
1542.315674	-54.614418
1543.661499	-54.460464
1545.007324	-54.316799
1546.353149	-54.178787
1547.698975	-54.044964
1549.044800	-53.920624
1550.390625	-53.788914
1551.736450	-53.652550
1553.082275	-53.512844
1554.428101	-53.365124
1555.773926	-53.202419
1557.119751	-53.017342
1558.465576	-52.800793
1559.811401	-52.536388
1561.157227	-52.241203
1562.503052	-51.909103
1563.848877	-51.502613
1565.194702	-51.040672
1566.540527	-50.521976
1567.886353	-49.949120
1569.232178	-49.325222
1570.578003	-48.674877
1571.923828	-47.998287
1573.269653	-47.317043
1574.615479	-46.672379
1575.961304	-46.091923
1577.307129	-45.587776
1578.652954	-45.200104
1579.998779	-44.938251
1581.344604	-44.805725
1582.690430	-44.797478
1584.036255	-44.909943
1585.382080	-45.111504
1586.727905	-45.387146
1588.073730	-45.724564
1589.419556	-46.102364
1590.765381	-46.509869
1592.111206	-46.938950
1593.457031	-47.374214
1594.802856	-47.812778
1596.148682	-48.263306
1597.494507	-48.723404
1598.840332	-49.186852
1600.186157	-49.648876
1601.531982	-50.113796
1602.877808	-50.586933
1604.223633	-51.061825
1605.569458	-51.538128
1606.915283	-52.020164
1608.261108	-52.500679
1609.606934	-52.980629
1610.952759	-53.464924
1612.298584	-53.952103
1613.644409	-54.440464
1614.990234	-54.914673
1616.336060	-55.372520
1617.681885	-55.826836
1619.027710	-56.269619
1620.373535	-56.688595
1621.719360	-57.053692
1623.065186	-57.398708
1624.411011	-57.717426
1625.756836	-57.977978
1627.102661	-58.190662
1628.448486	-58.360279
1629.794312	-58.481228
1631.140137	-58.565235
1632.485962	-58.598347
1633.831787	-58.610462
1635.177612	-58.581806
1636.523438	-58.528049
1637.869263	-58.463123
1639.215088	-58.381077
1640.560913	-58.299156
1641.906738	-58.225464
1643.252563	-58.146889
1644.598389	-58.068493
1645.944214	-58.001358
1647.290039	-57.938286
1648.635864	-57.892334
1649.981689	-57.860729
1651.327515	-57.836445
1652.673340	-57.832550
1654.019165	-57.850624
1655.364990	-57.883064
1656.710815	-57.926109
1658.056641	-57.986450
1659.402466	-58.064949
1660.748291	-58.158306
1662.094116	-58.267574
1663.439941	-58.391216
1664.785767	-58.532558
1666.131592	-58.695141
1667.477417	-58.871449
1668.823242	-59.063896
1670.169067	-59.261261
1671.514893	-59.466980
1672.860718	-59.691956
1674.206543	-59.924389
1675.552368	-60.154793
1676.898193	-60.387878
1678.244019	-60.617065
1679.589844	-60.840549
1680.935669	-61.046764
1682.281494	-61.230324
1683.627319	-61.404041
1684.973145	-61.535427
1686.318970	-61.641888
1687.664795	-61.700230
1689.010620	-61.684685
1690.356445	-61.666897
1691.702271	-61.593052
1693.048096	-61.467663
1694.393921	-61.308563
1695.739746	-61.142982
1697.085571	-60.941525
1698.431396	-60.711273
1699.777222	-60.469723
1701.123047	-60.221500
1702.468872	-59.980049
1703.814697	-59.742947
1705.160522	-59.504841
1706.506348	-59.270565
1707.852173	-59.048882
1709.197998	-58.841309
1710.543823	-58.644924
1711.889648	-58.471622
1713.235474	-58.309315
1714.581299	-58.162277
1715.927124	-58.032085
1717.272949	-57.912029
1718.618774	-57.812996
1719.964600	-57.738632
1721.310425	-57.677143
1722.656250	-57.623379
1724.002075	-57.589939
1725.347900	-57.580124
1726.693726	-57.587219
1728.039551	-57.607464
1729.385376	-57.636890
1730.731201	-57.674721
1732.077026	-57.731071
1733.422852	-57.806919
1734.768677	-57.885601
1736.114502	-57.953835
1737.460327	-58.040665
1738.806152	-58.122086
1740.151978	-58.192726
1741.497803	-58.254971
1742.843628	-58.295372
1744.189453	-58.317127
1745.535278	-58.306263
1746.881104	-58.259514
1748.226929	-58.163235
1749.572754	-58.035675
1750.918579	-57.853748
1752.264404	-57.629883
1753.610229	-57.343784
1754.956055	-57.036434
1756.301880	-56.679588
1757.647705	-56.294075
1758.993530	-55.894554
1760.339355	-55.456741
1761.685181	-55.016834
1763.031006	-54.570244
1764.376831	-54.103947
1765.722656	-53.642044
1767.068481	-53.189800
1768.414307	-52.730740
1769.760132	-52.278694
1771.105957	-51.832783
1772.451782	-51.392162
1773.797607	-50.955929
1775.143433	-50.546989
1776.489258	-50.145924
1777.835083	-49.725220
1779.180908	-49.314228
1780.526733	-48.923615
1781.872559	-48.540440
1783.218384	-48.166626
1784.564209	-47.798336
1785.910034	-47.440079
1787.255859	-47.095322
1788.601685	-46.759384
1789.947510	-46.435505
1791.293335	-46.127563
1792.639160	-45.838253
1793.984985	-45.569920
1795.330811	-45.333824
1796.676636	-45.134464
1798.022461	-44.976208
1799.368286	-44.867332
1800.714111	-44.816921
1802.059937	-44.835423
1803.405762	-44.922066
1804.751587	-45.075787
1806.097412	-45.294250
1807.443237	-45.574188
1808.789062	-45.895485
1810.134888	-46.251846
1811.480713	-46.614506
1812.826538	-46.980911
1814.172363	-47.339211
1815.518188	-47.676384
1816.864014	-47.989937
1818.209839	-48.277916
1819.555664	-48.536587
1820.901489	-48.774288
1822.247314	-48.994030
1823.593140	-49.195194
1824.938965	-49.377522
1826.284790	-49.554863
1827.630615	-49.726044
1828.976440	-49.890335
1830.322266	-50.051720
1831.668091	-50.216934
1833.013916	-50.382870
1834.359741	-50.549259
1835.705566	-50.724979
1837.051392	-50.912025
1838.397217	-51.107952
1839.743042	-51.308167
1841.088867	-51.517784
1842.434692	-51.742508
1843.780518	-51.975323
1845.126343	-52.221367
1846.472168	-52.482582
1847.817993	-52.753407
1849.163818	-53.038574
1850.509644	-53.332272
1851.855469	-53.633587
1853.201294	-53.955299
1854.547119	-54.284542
1855.892944	-54.618629
1857.238770	-54.955872
1858.584595	-55.300228
1859.930420	-55.652981
1861.276245	-55.997185
1862.622070	-56.337559
1863.967896	-56.678822
1865.313721	-56.985352
1866.659546	-57.276241
1868.005371	-57.538300
1869.351196	-57.770451
1870.697021	-57.957005
1872.042847	-58.105907
1873.388672	-58.213161
1874.734497	-58.274693
1876.080322	-58.288021
1877.426147	-58.252293
1878.771973	-58.199867
1880.117798	-58.115662
1881.463623	-57.998730
1882.809448	-57.877224
1884.155273	-57.740192
1885.501099	-57.582542
1886.846924	-57.437946
1888.192749	-57.293278
1889.538574	-57.155869
1890.884399	-57.021698
1892.230225	-56.899033
1893.576050	-56.789551
1894.921875	-56.691772
1896.267700	-56.608959
1897.613525	-56.541653
1898.959351	-56.494987
1900.305176	-56.468571
1901.651001	-56.452553
1902.996826	-56.448036
1904.342651	-56.467365
1905.688477	-56.510185
1907.034302	-56.561348
1908.380127	-56.622311
1909.725952	-56.709614
1911.071777	-56.818192
1912.417603	-56.933887
1913.763428	-57.064449
1915.109253	-57.226936
1916.455078	-57.383205
1917.800903	-57.546684
1919.146729	-57.732758
1920.492554	-57.915211
1921.838379	-58.108574
1923.184204	-58.292500
1924.530029	-58.469540
1925.875854	-58.636452
1927.221680	-58.794899
1928.567505	-58.924683
1929.913330	-59.024612
1931.259155	-59.090630
1932.604980	-59.116356
1933.950806	-59.096813
1935.296631	-59.043564
1936.642456	-58.923588
1937.988281	-58.776634
1939.334106	-58.595608
1940.679932	-58.373844
1942.025757	-58.129238
1943.371582	-57.860493
1944.717407	-57.581177
1946.063232	-57.300175
1947.409058	-57.006214
1948.754883	-56.708672
1950.100708	-56.417267
1951.446533	-56.131657
1952.792358	-55.853848
1954.138184	-55.589153
1955.484009	-55.332966
1956.829834	-55.100185
1958.175659	-54.876060
1959.521484	-54.664753
1960.867310	-54.472755
1962.213135	-54.292034
1963.558960	-54.129223
1964.904785	-53.986595
1966.250610	-53.854591
1967.596436	-53.736626
1968.942261	-53.634109
1970.288086	-53.550121
1971.633911	-53.479511
1972.979736	-53.427536
1974.325562	-53.393185
1975.671387	-53.364212
1977.017212	-53.337749
1978.363037	-53.331020
1979.708862	-53.325241
1981.054688	-53.324104
1982.400513	-53.326641
1983.746338	-53.322105
1985.092163	-53.308590
1986.437988	-53.289284
1987.783813	-53.248013
1989.129639	-53.179485
1990.475464	-53.075985
1991.821289	-52.938145
1993.167114	-52.751648
1994.512939	-52.526222
1995.858765	-52.233494
1997.204590	-51.904446
1998.550415	-51.520313
1999.896240	-51.068085
2001.242065	-50.586201
2002.587891	-50.079494
2003.933716	-49.516171
2005.279541	-48.920013
2006.625366	-48.313721
2007.971191	-47.696255
2009.317017	-47.054356
2010.662842	-46.408428
2012.008667	-45.764618
2013.354492	-45.111908
2014.700317	-44.471146
2016.046143	-43.839458
2017.391968	-43.218170
2018.737793	-42.619881
2020.083618	-42.061749
2021.429443	-41.550716
2022.775269	-41.095760
2024.121094	-40.713612
2025.466919	-40.422562
2026.812744	-40.234299
2028.158569	-40.157299
2029.504395	-40.197689
2030.850220	-40.352119
2032.196045	-40.613789
2033.541870	-40.974262
2034.887695	-41.413876
2036.233521	-41.915600
2037.579346	-42.467564
2038.925171	-43.056187
2040.270996	-43.667225
2041.616821	-44.292675
2042.962646	-44.926365
2044.308472	-45.558247
2045.654297	-46.175846
2047.000122	-46.786991
2048.345947	-47.375240
2049.691772	-47.938068
2051.037598	-48.462208
2052.383423	-48.954819
2053.729248	-49.401299
2055.075073	-49.790745
2056.420898	-50.139229
2057.766724	-50.446388
2059.112549	-50.689102
2060.458374	-50.877518
2061.804199	-51.023907
2063.150024	-51.135891
2064.495850	-51.226212
2065.841675	-51.270584
2067.187500	-51.299995
2068.533325	-51.315910
2069.879150	-51.322311
2071.224976	-51.319477
2072.570801	-51.317657
2073.916626	-51.327034
2075.262451	-51.332401
2076.608276	-51.343952
2077.954102	-51.367264
2079.299927	-51.401421
2080.645752	-51.450802
2081.991577	-51.512123
2083.337402	-51.588699
2084.683228	-51.677994
2086.029053	-51.778965
2087.374878	-51.897312
2088.720703	-52.031448
2090.066528	-52.180908
2091.412354	-52.347622
2092.758179	-52.534760
2094.104004	-52.729248
2095.449829	-52.939022
2096.795654	-53.170349
2098.141479	-53.407780
2099.487305	-53.655613
2100.833130	-53.921585
2102.178955	-54.195335
2103.524780	-54.473694
2104.870605	-54.754768
2106.216431	-55.036812
2107.562256	-55.320316
2108.908081	-55.594505
2110.253906	-55.851589
2111.599731	-56.089226
2112.945557	-56.309223
2114.291382	-56.494244
2115.637207	-56.644093
2116.983032	-56.753757
2118.328857	-56.822430
2119.674683	-56.841042
2121.020508	-56.824123
2122.366333	-56.752342
2123.712158	-56.656170
2125.057983	-56.522579
2126.403809	-56.362110
2127.749634	-56.190018
2129.095459	-56.004181
2130.441284	-55.804939
2131.787109	-55.596588
2133.132935	-55.396355
2134.478760	-55.207302
2135.824585	-55.018452
2137.170410	-54.836777
2138.516235	-54.670868
2139.862061	-54.521111
2141.207886	-54.386234
2142.553711	-54.259987
2143.899536	-54.150124
2145.245361	-54.063736
2146.591187	-53.994495
2147.937012	-53.936695
2149.282837	-53.901985
2150.628662	-53.887177
2151.974487	-53.884407
2153.320312	-53.895050
2154.666138	-53.927952
2156.011963	-53.981876
2157.357788	-54.047764
2158.703613	-54.126064
2160.049438	-54.220276
2161.395264	-54.328323
2162.741089	-54.446590
2164.086914	-54.577354
2165.432739	-54.710686
2166.778564	-54.849075
2168.124390	-54.989883
2169.470215	-55.127087
2170.816040	-55.249531
2172.161865	-55.363819
2173.507690	-55.450947
2174.853516	-55.518803
2176.199341	-55.543896
2177.545166	-55.531097
2178.890991	-55.478287
2180.236816	-55.377640
2181.582642	-55.243721
2182.928467	-55.049809
2184.274292	-54.834408
2185.620117	-54.559284
2186.965942	-54.280766
2188.311768	-53.964779
2189.657593	-53.627800
2191.003418	-53.283962
2192.349243	-52.933197
2193.695068	-52.577564
2195.040894	-52.217220
2196.386719	-51.865532
2197.732544	-51.522926
2199.078369	-51.189358
2200.424194	-50.863888
2201.770020	-50.550171
2203.115845	-50.247921
2204.461670	-49.959187
2205.807495	-49.683823
2207.153320	-49.425259
2208.499146	-49.178398
2209.844971	-48.944187
2211.190796	-48.724941
2212.536621	-48.517605
2213.882446	-48.322479
2215.228271	-48.140293
2216.574097	-47.970623
2217.919922	-47.815620
2219.265747	-47.668335
2220.611572	-47.530746
2221.957397	-47.397690
2223.303223	-47.270172
2224.649048	-47.154766
2225.994873	-47.029140
2227.340698	-46.900753
2228.686523	-46.774445
2230.032349	-46.631428
2231.378174	-46.466232
2232.723999	-46.279510
2234.069824	-46.069965
2235.415649	-45.825615
2236.761475	-45.527058
2238.107300	-45.188992
2239.453125	-44.794029
2240.798950	-44.345432
2242.144775	-43.840004
2243.490601	-43.293064
2244.836426	-42.698963
2246.182251	-42.086777
2247.528076	-41.467560
2248.873901	-40.847073
2250.219727	-40.272343
2251.565552	-39.756844
2252.911377	-39.314056
2254.257202	-38.972637
2255.603027	-38.735287
2256.948853	-38.609928
2258.294678	-38.592602
2259.640503	-38.671673
2260.986328	-38.835724
2262.332153	-39.067947
2263.677979	-39.354477
2265.023804	-39.681522
2266.369629	-40.039890
2267.715454	-40.421734
2269.061279	-40.819218
2270.407104	-41.228207
2271.752930	-41.649742
2273.098755	-42.081005
2274.444580	-42.516514
2275.790405	-42.958359
2277.136230	-43.409294
2278.482056	-43.864620
2279.827881	-44.325504
2281.173706	-44.789463
2282.519531	-45.254211
2283.865356	-45.729115
2285.211182	-46.209435
2286.557007	-46.681171
2287.902832	-47.151669
2289.248657	-47.619938
2290.594482	-48.092594
2291.940308	-48.554298
2293.286133	-48.986385
2294.631958	-49.401737
2295.977783	-49.797192
2297.323608	-50.174015
2298.669434	-50.490444
2300.015259	-50.768307
2301.361084	-51.019135
2302.706909	-51.217045
2304.052734	-51.349014
2305.398560	-51.459690
2306.744385	-51.522400
2308.090210	-51.531868
2309.436035	-51.528690
2310.781860	-51.488880
2312.127686	-51.423542
2313.473511	-51.354843
2314.819336	-51.271046
2316.165161	-51.181908
2317.510986	-51.094334
2318.856812	-51.011856
2320.202637	-50.936241
2321.548462	-50.865177
2322.894287	-50.805084
2324.240112	-50.762630
2325.585938	-50.728638
2326.931763	-50.711437
2328.277588	-50.710983
2329.623413	-50.724464
2330.969238	-50.752773
2332.315063	-50.798153
2333.660889	-50.861614
2335.006714	-50.943207
2336.352539	-51.042961
2337.698364	-51.158028
2339.044189	-51.287861
2340.390015	-51.433208
2341.735840	-51.592480
2343.081665	-51.770241
2344.427490	-51.961536
2345.773315	-52.166019
2347.119141	-52.377563
2348.464966	-52.597980
2349.810791	-52.830475
2351.156616	-53.062500
2352.502441	-53.296577
2353.848267	-53.519863
2355.194092	-53.733704
2356.539917	-53.941097
2357.885742	-54.115135
2359.231567	-54.263870
2360.577393	-54.386570
2361.923218	-54.459957
2363.269043	-54.499771
2364.614868	-54.488495
2365.960693	-54.431728
2367.306519	-54.338078
2368.652344	-54.206131
2369.998169	-54.045246
2371.343994	-53.848289
2372.689819	-53.624992
2374.035645	-53.400112
2375.381470	-53.159405
2376.727295	-52.912506
2378.073120	-52.666023
2379.418945	-52.423962
2380.764771	-52.186790
2382.110596	-51.960178
2383.456421	-51.740501
2384.802246	-51.534225
2386.148071	-51.344425
2387.493896	-51.168083
2388.839722	-51.009037
2390.185547	-50.865055
2391.531372	-50.739330
2392.877197	-50.629467
2394.223022	-50.538204
2395.568848	-50.464180
2396.914673	-50.407360
2398.260498	-50.364437
2399.606323	-50.341751
2400.952148	-50.335678
2402.297974	-50.344894
2403.643799	-50.370380
2404.989624	-50.405598
2406.335449	-50.454887
2407.681274	-50.517467
2409.027100	-50.594093
2410.372925	-50.668236
2411.718750	-50.752285
2413.064575	-50.837704
2414.410400	-50.914318
2415.756226	-50.984840
2417.102051	-51.042641
2418.447876	-51.079914
2419.793701	-51.091412
2421.139526	-51.066196
2422.485352	-51.016811
2423.831177	-50.904907
2425.177002	-50.762100
2426.522827	-50.562984
2427.868652	-50.324211
2429.214478	-50.035744
2430.560303	-49.706863
2431.906128	-49.356869
2433.251953	-48.969254
2434.597778	-48.555687
2435.943604	-48.128010
2437.289429	-47.686127
2438.635254	-47.241783
2439.981079	-46.795872
2441.326904	-46.337646
2442.672729	-45.891174
2444.018555	-45.453773
2445.364380	-45.015579
2446.710205	-44.584602
2448.056030	-44.165279
2449.401855	-43.750420
2450.747681	-43.347370
2452.093506	-42.959927
2453.439331	-42.580971
2454.785156	-42.212719
2456.130981	-41.853851
2457.476807	-41.504044
2458.822632	-41.165436
2460.168457	-40.840569
2461.514282	-40.528633
2462.860107	-40.226280
2464.205933	-39.940563
2465.551758	-39.674019
2466.897583	-39.424824
2468.243408	-39.197575
2469.589233	-38.995136
2470.935059	-38.821598
2472.280884	-38.679718
2473.626709	-38.570877
2474.972534	-38.509541
2476.318359	-38.490253
2477.664185	-38.517410
2479.010010	-38.597416
2480.355835	-38.717731
2481.701660	-38.885139
2483.047485	-39.093117
2484.393311	-39.332066
2485.739136	-39.585911
2487.084961	-39.856602
2488.430786	-40.121582
2489.776611	-40.386082
2491.122437	-40.639320
2492.468262	-40.876579
2493.814087	-41.103382
2495.159912	-41.304451
2496.505737	-41.490204
2497.851562	-41.670902
2499.197388	-41.836933
2500.543213	-41.996544
2501.889038	-42.151794
2503.234863	-42.306072
2504.580688	-42.457272
2505.926514	-42.609035
2507.272339	-42.768612
2508.618164	-42.932556
2509.963989	-43.104107
2511.309814	-43.280289
2512.655640	-43.468281
2514.001465	-43.667622
2515.347290	-43.875118
2516.693115	-44.091648
2518.038940	-44.322823
2519.384766	-44.569355
2520.730591	-44.821026
2522.076416	-45.085484
2523.422241	-45.368134
2524.768066	-45.656494
2526.113892	-45.956879
2527.459717	-46.276070
2528.805542	-46.600651
2530.151367	-46.932568
2531.497192	-47.269909
2532.843018	-47.618668
2534.188843	-47.970211
2535.534668	-48.316544
2536.880493	-48.664154
2538.226318	-49.001148
2539.572144	-49.328079
2540.917969	-49.624371
2542.263794	-49.905640
2543.609619	-50.155888
2544.955444	-50.371941
2546.301270	-50.542530
2547.647095	-50.673012
2548.992920	-50.755032
2550.338745	-50.794258
2551.684570	-50.792278
2553.030396	-50.748611
2554.376221	-50.676533
2555.722046	-50.577358
2557.067871	-50.450893
2558.413696	-50.317245
2559.759521	-50.166672
2561.105347	-50.015255
2562.451172	-49.862591
2563.796997	-49.717659
2565.142822	-49.575161
2566.488647	-49.445400
2567.834473	-49.321358
2569.180298	-49.211235
2570.526123	-49.116337
2571.871948	-49.037262
2573.217773	-48.973629
2574.563599	-48.928337
2575.909424	-48.902607
2577.255249	-48.890545
2578.601074	-48.896164
2579.946899	-48.918922
2581.292725	-48.958794
2582.638550	-49.014923
2583.984375	-49.089405
2585.330200	-49.180153
2586.676025	-49.290428
2588.021851	-49.415695
2589.367676	-49.555565
2590.713501	-49.708889
2592.059326	-49.869869
2593.405151	-50.043873
2594.750977	-50.226376
2596.096802	-50.411190
2597.442627	-50.602535
2598.788452	-50.787735
2600.134277	-50.963142
2601.480103	-51.126759
2602.825928	-51.267666
2604.171753	-51.389069
2605.517578	-51.477688
2606.863403	-51.528301
2608.209229	-51.533829
2609.555054	-51.497757
2610.900879	-51.425823
2612.246704	-51.308048
2613.592529	-51.137821
2614.938354	-50.936543
2616.284180	-50.716373
2617.630005	-50.466381
2618.975830	-50.193737
2620.321655	-49.908115
2621.667480	-49.616112
2623.013306	-49.324703
2624.359131	-49.031227
2625.704956	-48.745514
2627.050781	-48.466637
2628.396606	-48.200500
2629.742432	-47.940895
2631.088257	-47.693172
2632.434082	-47.466175
2633.779907	-47.248657
2635.125732	-47.048447
2636.471558	-46.863346
2637.817383	-46.693325
2639.163208	-46.541763
2640.509033	-46.406261
2641.854858	-46.286503
2643.200684	-46.184517
2644.546509	-46.096958
2645.892334	-46.025082
2647.238159	-45.967049
2648.583984	-45.926064
2649.929810	-45.899578
2651.275635	-45.880211
2652.621460	-45.872662
2653.967285	-45.872261
2655.313110	-45.883266
2656.658936	-45.894611
2658.004761	-45.905430
2659.350586	-45.912495
2660.696411	-45.912262
2662.042236	-45.902077
2663.388062	-45.860500
2664.733887	-45.802986
2666.079712	-45.702137
2667.425537	-45.565971
2668.771362	-45.387981
2670.117188	-45.155491
2671.463013	-44.878853
2672.808838	-44.552895
2674.154663	-44.170811
2675.500488	-43.749935
2676.846313	-43.289379
2678.192139	-42.796612
2679.537964	-42.257565
2680.883789	-41.713531
2682.229614	-41.158146
2683.575439	-40.585835
2684.921265	-40.004864
2686.267090	-39.428474
2687.612915	-38.856045
2688.958740	-38.292484
2690.304565	-37.739456
2691.650391	-37.204998
2692.996216	-36.692482
2694.342041	-36.212425
2695.687866	-35.769867
2697.033691	-35.367737
2698.379517	-35.018703
2699.725342	-34.728745
2701.071167	-34.506939
2702.416992	-34.360405
2703.762817	-34.294308
2705.108643	-34.310730
2706.454468	-34.409267
2707.800293	-34.591743
2709.146118	-34.853043
2710.491943	-35.178257
2711.837769	-35.559341
2713.183594	-35.997894
2714.529419	-36.482037
2715.875244	-36.991020
2717.221069	-37.522240
2718.566895	-38.067959
2719.912720	-38.622421
2721.258545	-39.175930
2722.604370	-39.724358
2723.950195	-40.254700
2725.296021	-40.770267
2726.641846	-41.251572
2727.987671	-41.685616
2729.333496	-42.099548
2730.679321	-42.465107
2732.025146	-42.775261
2733.370972	-43.040733
2734.716797	-43.251904
2736.062622	-43.427631
2737.408447	-43.560944
2738.754272	-43.652969
2740.100098	-43.721306
2741.445923	-43.762501
2742.791748	-43.784786
2744.137573	-43.801243
2745.483398	-43.805012
2746.829224	-43.803417
2748.175049	-43.807594
2749.520874	-43.813591
2750.866699	-43.823116
2752.212524	-43.843254
2753.558350	-43.873196
2754.904175	-43.914093
2756.250000	-43.967354
2757.595825	-44.035114
2758.941650	-44.115490
2760.287476	-44.209805
2761.633301	-44.319408
2762.979126	-44.447102
2764.324951	-44.590019
2765.670776	-44.746239
2767.016602	-44.918633
2768.362427	-45.103085
2769.708252	-45.306152
2771.054077	-45.527157
2772.399902	-45.759476
2773.745728	-46.001740
2775.091553	-46.259377
2776.437378	-46.527912
2777.783203	-46.801785
2779.129028	-47.081249
2780.474854	-47.366470
2781.820679	-47.651760
2783.166504	-47.929371
2784.512329	-48.203407
2785.858154	-48.457066
2787.203979	-48.687496
2788.549805	-48.897285
2789.895630	-49.069019
2791.241455	-49.205189
2792.587280	-49.299633
2793.933105	-49.349728
2795.278931	-49.355572
2796.624756	-49.320450
2797.970581	-49.245461
2799.316406	-49.132721
2800.662231	-48.996078
2802.008057	-48.830784
2803.353882	-48.654671
2804.699707	-48.461498
2806.045532	-48.265125
2807.391357	-48.065971
2808.737183	-47.869148
2810.083008	-47.680374
2811.428833	-47.500496
2812.774658	-47.329418
2814.120483	-47.170326
2815.466309	-47.025818
2816.812134	-46.896770
2818.157959	-46.784145
2819.503784	-46.689049
2820.849609	-46.609226
2822.195435	-46.547390
2823.541260	-46.504318
2824.887085	-46.477192
2826.232910	-46.466877
2827.578735	-46.475697
2828.924561	-46.504192
2830.270386	-46.548458
2831.616211	-46.608028
2832.962036	-46.683811
2834.307861	-46.774872
2835.653687	-46.880016
2836.999512	-46.998165
2838.345337	-47.126171
2839.691162	-47.262844
2841.036987	-47.406185
2842.382812	-47.548290
2843.728638	-47.694286
2845.074463	-47.827667
2846.420288	-47.956963
2847.766113	-48.064953
2849.111938	-48.148952
2850.457764	-48.205414
2851.803589	-48.225723
2853.149414	-48.207085
2854.495239	-48.139481
2855.841064	-48.033627
2857.186890	-47.882278
2858.532715	-47.687412
2859.878540	-47.459988
2861.224365	-47.182888
2862.570190	-46.895412
2863.916016	-46.582848
2865.261841	-46.252411
2866.607666	-45.910297
2867.953491	-45.563091
2869.299316	-45.217499
2870.645142	-44.875320
2871.990967	-44.533531
2873.336792	-44.203075
2874.682617	-43.881271
2876.028442	-43.574806
2877.374268	-43.281868
2878.720093	-42.996429
2880.065918	-42.726547
2881.411743	-42.472500
2882.757568	-42.234600
2884.103394	-42.010212
2885.449219	-41.802166
2886.795044	-41.610992
2888.140869	-41.429802
2889.486694	-41.264111
2890.832520	-41.114380
2892.178345	-40.976284
2893.524170	-40.854549
2894.869995	-40.740105
2896.215820	-40.639282
2897.561646	-40.549740
2898.907471	-40.463226
2900.253296	-40.383991
2901.599121	-40.310658
2902.944946	-40.236996
2904.290771	-40.161762
2905.636597	-40.076183
2906.982422	-39.971069
2908.328247	-39.857742
2909.674072	-39.713024
2911.019897	-39.533604
2912.365723	-39.334663
2913.711548	-39.079323
2915.057373	-38.785477
2916.403198	-38.452465
2917.749023	-38.086330
2919.094849	-37.671707
2920.440674	-37.238293
2921.786499	-36.803013
2923.132324	-36.347015
2924.478149	-35.915764
2925.823975	-35.507862
2927.169800	-35.128666
2928.515625	-34.797398
2929.861450	-34.529797
2931.207275	-34.315716
2932.553101	-34.162289
2933.898926	-34.073715
2935.244751	-34.043968
2936.590576	-34.069427
2937.936401	-34.147907
2939.282227	-34.276379
2940.628052	-34.447144
2941.973877	-34.654228
2943.319702	-34.893646
2944.665527	-35.161617
2946.011353	-35.454826
2947.357178	-35.767410
2948.703003	-36.098026
2950.048828	-36.450558
2951.394653	-36.821815
2952.740479	-37.206722
2954.086304	-37.601357
2955.432129	-38.006344
2956.777954	-38.429287
2958.123779	-38.859043
2959.469604	-39.294731
2960.815430	-39.735149
2962.161255	-40.180191
2963.507080	-40.634121
2964.852905	-41.081024
2966.198730	-41.519814
2967.544556	-41.953762
2968.890381	-42.370552
2970.236206	-42.772953
2971.582031	-43.137753
2972.927856	-43.476585
2974.273682	-43.787201
2975.619507	-44.047859
2976.965332	-44.259411
2978.311157	-44.436230
2979.656982	-44.559872
2981.002808	-44.641659
2982.348633	-44.688145
2983.694458	-44.685436
2985.040283	-44.669605
2986.386108	-44.619595
2987.731934	-44.555077
2989.077759	-44.483410
2990.423584	-44.400261
2991.769409	-44.314228
2993.115234	-44.237728
2994.461060	-44.157036
2995.806885	-44.087521
2997.152710	-44.029205
2998.498535	-43.981846
2999.844360	-43.947731
3001.190186	-43.927101
3002.536011	-43.923771
3003.881836	-43.934650
3005.227661	-43.963116
3006.573486	-44.007698
3007.919312	-44.067959
3009.265137	-44.145252
3010.610962	-44.241501
3011.956787	-44.352032
3013.302612	-44.481491
3014.648438	-44.627438
3015.994263	-44.788277
3017.340088	-44.966484
3018.685913	-45.157722
3020.031738	-45.365417
3021.377563	-45.580772
3022.723389	-45.806889
3024.069214	-46.042965
3025.415039	-46.285000
3026.760864	-46.529713
3028.106689	-46.765114
3029.452515	-47.002499
3030.798340	-47.221008
3032.144165	-47.429115
3033.489990	-47.603016
3034.835815	-47.756985
3036.181641	-47.869362
3037.527466	-47.942871
3038.873291	-47.975147
3040.219116	-47.961555
3041.564941	-47.906799
3042.910767	-47.813457
3044.256592	-47.676807
3045.602417	-47.514286
3046.948242	-47.327396
3048.294067	-47.116913
3049.639893	-46.895088
3050.985718	-46.664173
3052.331543	-46.430260
3053.677368	-46.200497
3055.023193	-45.974262
3056.369019	-45.754715
3057.714844	-45.546066
3059.060669	-45.345909
3060.406494	-45.161800
3061.752319	-44.995361
3063.098145	-44.840012
3064.443970	-44.702286
3065.789795	-44.582401
3067.135620	-44.480843
3068.481445	-44.394936
3069.827271	-44.325817
3071.173096	-44.274494
3072.518921	-44.241726
3073.864746	-44.225082
3075.210571	-44.225185
3076.556396	-44.240795
3077.902222	-44.276058
3079.248047	-44.326397
3080.593872	-44.389156
3081.939697	-44.465145
3083.285522	-44.550411
3084.631348	-44.645721
3085.977173	-44.747292
3087.322998	-44.850887
3088.668823	-44.957287
3090.014648	-45.056591
3091.360474	-45.146656
3092.706299	-45.222668
3094.052124	-45.270649
3095.397949	-45.295853
3096.743774	-45.284859
3098.089600	-45.240170
3099.435425	-45.138996
3100.781250	-45.001572
3102.127075	-44.828705
3103.472900	-44.588146
3104.818726	-44.318535
3106.164551	-44.016136
3107.510376	-43.674404
3108.856201	-43.320812
3110.202026	-42.927963
3111.547852	-42.539444
3112.893677	-42.128288
3114.239502	-41.726372
3115.585327	-41.320740
3116.931152	-40.915115
3118.276978	-40.513252
3119.622803	-40.129810
3120.968628	-39.745750
3122.314453	-39.366726
3123.660278	-39.014942
3125.006104	-38.677471
3126.351929	-38.336056
3127.697754	-38.017082
3129.043579	-37.717999
3130.389404	-37.430595
3131.735229	-37.161114
3133.081055	-36.905159
3134.426880	-36.661892
3135.772705	-36.438019
3137.118530	-36.234131
3138.464355	-36.051277
3139.810181	-35.887012
3141.156006	-35.735504
3142.501831	-35.601562
3143.847656	-35.491661
3145.193481	-35.405128
3146.539307	-35.344307
3147.885132	-35.313824
3149.230957	-35.301922
3150.576782	-35.312351
3151.922607	-35.335201
3153.268433	-35.381603
3154.614258	-35.439518
3155.960083	-35.504917
3157.305908	-35.582016
3158.651733	-35.674446
3159.997559	-35.754841
3161.343384	-35.854321
3162.689209	-35.951385
3164.035034	-36.035229
3165.380859	-36.125042
3166.726685	-36.214523
3168.072510	-36.295292
3169.418335	-36.373394
3170.764160	-36.454033
3172.109985	-36.540230
3173.455811	-36.625450
3174.801636	-36.722206
3176.147461	-36.824699
3177.493286	-36.936440
3178.839111	-37.054813
3180.184937	-37.175991
3181.530762	-37.306355
3182.876587	-37.443302
3184.222412	-37.597054
3185.568237	-37.764732
3186.914062	-37.939144
3188.259888	-38.126614
3189.605713	-38.329632
3190.951538	-38.545170
3192.297363	-38.773602
3193.643188	-39.014805
3194.989014	-39.271412
3196.334839	-39.540363
3197.680664	-39.815193
3199.026489	-40.112877
3200.372314	-40.425339
3201.718140	-40.737270
3203.063965	-41.073959
3204.409790	-41.421574
3205.755615	-41.767727
3207.101440	-42.124035
3208.447266	-42.489120
3209.793091	-42.859932
3211.138916	-43.214943
3212.484741	-43.583626
3213.830566	-43.932865
3215.176392	-44.257584
3216.522217	-44.584400
3217.868042	-44.861443
3219.213867	-45.118084
3220.559692	-45.336090
3221.905518	-45.504513
3223.251343	-45.639374
3224.597168	-45.722267
3225.942993	-45.763268
3227.288818	-45.762131
3228.634644	-45.729759
3229.980469	-45.657349
3231.326294	-45.572468
3232.672119	-45.458351
3234.017944	-45.338776
3235.363770	-45.205975
3236.709595	-45.073116
3238.055420	-44.941410
3239.401245	-44.818390
3240.747070	-44.695778
3242.092896	-44.586098
3243.438721	-44.489681
3244.784546	-44.404064
3246.130371	-44.334110
3247.476196	-44.282314
3248.822021	-44.244911
3250.167847	-44.223228
3251.513672	-44.220352
3252.859497	-44.234795
3254.205322	-44.267078
3255.551147	-44.316582
3256.896973	-44.383839
3258.242798	-44.467529
3259.588623	-44.570221
3260.934448	-44.690125
3262.280273	-44.823635
3263.626099	-44.973301
3264.971924	-45.139668
3266.317749	-45.317932
3267.663574	-45.505146
3269.009399	-45.704151
3270.355225	-45.907417
3271.701050	-46.112484
3273.046875	-46.323105
3274.392700	-46.525703
3275.738525	-46.716759
3277.084351	-46.894817
3278.430176	-47.052055
3279.776001	-47.179871
3281.121826	-47.279034
3282.467651	-47.329346
3283.813477	-47.353027
3285.159302	-47.319118
3286.505127	-47.250900
3287.850952	-47.133373
3289.196777	-46.984665
3290.542603	-46.797161
3291.888428	-46.581108
3293.234253	-46.350300
3294.580078	-46.099354
3295.925903	-45.835472
3297.271729	-45.567287
3298.617554	-45.299423
3299.963379	-45.031784
3301.309204	-44.774494
3302.655029	-44.525932
3304.000854	-44.283417
3305.346680	-44.057076
3306.692505	-43.846260
3308.038330	-43.644947
3309.384155	-43.461136
3310.729980	-43.294846
3312.075806	-43.145458
3313.421631	-43.014767
3314.767456	-42.900269
3316.113281	-42.798080
3317.459106	-42.715763
3318.804932	-42.651924
3320.150757	-42.603050
3321.496582	-42.566681
3322.842407	-42.548836
3324.188232	-42.546471
3325.534058	-42.557259
3326.879883	-42.578899
3328.225708	-42.608788
3329.571533	-42.650234
3330.917358	-42.699879
3332.263184	-42.749714
3333.609009	-42.801033
3334.954834	-42.844307
3336.300659	-42.882751
3337.646484	-42.901894
3338.992310	-42.905510
3340.338135	-42.874428
3341.683960	-42.815670
3343.029785	-42.716305
3344.375610	-42.569107
3345.721436	-42.376678
3347.067261	-42.127354
3348.413086	-41.853672
3349.758911	-41.515911
3351.104736	-41.129292
3352.450562	-40.735149
3353.796387	-40.297249
3355.142212	-39.838070
3356.488037	-39.362961
3357.833862	-38.876404
3359.179688	-38.383472
3360.525513	-37.891026
3361.871338	-37.408775
3363.217163	-36.930321
3364.562988	-36.467175
3365.908813	-36.019855
3367.254639	-35.587181
3368.600464	-35.173771
3369.946289	-34.784184
3371.292114	-34.429504
3372.637939	-34.110191
3373.983765	-33.824902
3375.329590	-33.584766
3376.675415	-33.392349
3378.021240	-33.247890
3379.367065	-33.158611
3380.712891	-33.126209
3382.058716	-33.149006
3383.404541	-33.235474
3384.750366	-33.383995
3386.096191	-33.583923
3387.442017	-33.841911
3388.787842	-34.154385
3390.133667	-34.508152
3391.479492	-34.893284
3392.825317	-35.315319
3394.171143	-35.765789
3395.516968	-36.227657
3396.862793	-36.703018
3398.208618	-37.169006
3399.554443	-37.641003
3400.900269	-38.092323
3402.246094	-38.528015
3403.591919	-38.942238
3404.937744	-39.303345
3406.283569	-39.614346
3407.629395	-39.899258
3408.975220	-40.143810
3410.321045	-40.346577
3411.666870	-40.500111
3413.012695	-40.617779
3414.358521	-40.711647
3415.704346	-40.779190
3417.050171	-40.827145
3418.395996	-40.861149
3419.741821	-40.882664
3421.087646	-40.904236
3422.433472	-40.922077
3423.779297	-40.945370
3425.125122	-40.974594
3426.470947	-41.007801
3427.816772	-41.051281
3429.162598	-41.103832
3430.508423	-41.168991
3431.854248	-41.249565
3433.200073	-41.343140
3434.545898	-41.451397
3435.891724	-41.573097
3437.237549	-41.712948
3438.583374	-41.866932
3439.929199	-42.034336
3441.275024	-42.215870
3442.620850	-42.414516
3443.966675	-42.632206
3445.312500	-42.863647
3446.658325	-43.105194
3448.004150	-43.364429
3449.349976	-43.634281
3450.695801	-43.919281
3452.041626	-44.209045
3453.387451	-44.510693
3454.733276	-44.814152
3456.079102	-45.120441
3457.424927	-45.427921
3458.770752	-45.720276
3460.116577	-46.008488
3461.462402	-46.280331
3462.808228	-46.521355
3464.154053	-46.741192
3465.499878	-46.920750
3466.845703	-47.067375
3468.191528	-47.163223
3469.537354	-47.220493
3470.883179	-47.235592
3472.229004	-47.203072
3473.574829	-47.134289
3474.920654	-47.037701
3476.266479	-46.910576
3477.612305	-46.763210
3478.958130	-46.604164
3480.303955	-46.430305
3481.649780	-46.255341
3482.995605	-46.073742
3484.341431	-45.905704
3485.687256	-45.743050
3487.033081	-45.586910
3488.378906	-45.442837
3489.724731	-45.311611
3491.070557	-45.194801
3492.416382	-45.092960
3493.762207	-45.010757
3495.108032	-44.944195
3496.453857	-44.894268
3497.799683	-44.862312
3499.145508	-44.849266
3500.491333	-44.852505
3501.837158	-44.872414
3503.182983	-44.910263
3504.528809	-44.966480
3505.874634	-45.038170
3507.220459	-45.127865
3508.566284	-45.233398
3509.912109	-45.354309
3511.257935	-45.490204
3512.603760	-45.633888
3513.949585	-45.791416
3515.295410	-45.954277
3516.641235	-46.120789
3517.987061	-46.292397
3519.332886	-46.459339
3520.678711	-46.615414
3522.024536	-46.761723
3523.370361	-46.890877
3524.716187	-46.989807
3526.062012	-47.056190
3527.407837	-47.095173
3528.753662	-47.078697
3530.099487	-47.032780
3531.445312	-46.931416
3532.791138	-46.794998
3534.136963	-46.607822
3535.482788	-46.385529
3536.828613	-46.143330
3538.174438	-45.869598
3539.520264	-45.573265
3540.866089	-45.266979
3542.211914	-44.953564
3543.557739	-44.630661
3544.903564	-44.315052
3546.249390	-44.004662
3547.595215	-43.696602
3548.941040	-43.402439
3550.286865	-43.112530
3551.632690	-42.835522
3552.978516	-42.576553
3554.324341	-42.331112
3555.670166	-42.100121
3557.015991	-41.883686
3558.361816	-41.679455
3559.707642	-41.492405
3561.053467	-41.325367
3562.399292	-41.170937
3563.745117	-41.030304
3565.090942	-40.905865
3566.436768	-40.793598
3567.782593	-40.696133
3569.128418	-40.615101
3570.474243	-40.546467
3571.820068	-40.488022
3573.165894	-40.437374
3574.511719	-40.400280
3575.857544	-40.360535
3577.203369	-40.328503
3578.549194	-40.297054
3579.895020	-40.260147
3581.240845	-40.210606
3582.586670	-40.152214
3583.932495	-40.076000
3585.278320	-39.956448
3586.624146	-39.824909
3587.969971	-39.645458
3589.315796	-39.420437
3590.661621	-39.167988
3592.007446	-38.864029
3593.353271	-38.492939
3594.699097	-38.113548
3596.044922	-37.699051
3597.390747	-37.270050
3598.736572	-36.814796
3600.082397	-36.362167
3601.428223	-35.937908
3602.774048	-35.526058
3604.119873	-35.149578
3605.465698	-34.806877
3606.811523	-34.519070
3608.157349	-34.290653
3609.503174	-34.116589
3610.848999	-33.997189
3612.194824	-33.939087
3613.540649	-33.939007
3614.886475	-33.994217
3616.232300	-34.101505
3617.578125	-34.249722
3618.923950	-34.442402
3620.269775	-34.677509
3621.615601	-34.943748
3622.961426	-35.237686
3624.307251	-35.560520
3625.653076	-35.903969
3626.998901	-36.267029
3628.344727	-36.651421
3629.690552	-37.055042
3631.036377	-37.480404
3632.382202	-37.911755
3633.728027	-38.346165
3635.073853	-38.796906
3636.419678	-39.259403
3637.765503	-39.718002
3639.111328	-40.182049
3640.457153	-40.655289
3641.802979	-41.103203
3643.148804	-41.547298
3644.494629	-41.973949
3645.840454	-42.392696
3647.186279	-42.765388
3648.532104	-43.118450
3649.877930	-43.419746
3651.223755	-43.683968
3652.569580	-43.912319
3653.915405	-44.085495
3655.261230	-44.212315
3656.607056	-44.292774
3657.952881	-44.343689
3659.298706	-44.362030
3660.644531	-44.345032
3661.990356	-44.310520
3663.336182	-44.264431
3664.682007	-44.203304
3666.027832	-44.138638
3667.373657	-44.076084
3668.719482	-44.010872
3670.065308	-43.956699
3671.411133	-43.910179
3672.756958	-43.872932
3674.102783	-43.845139
3675.448608	-43.834137
3676.794434	-43.838329
3678.140259	-43.854862
3679.486084	-43.888313
3680.831909	-43.936600
3682.177734	-44.003857
3683.523560	-44.090351
3684.869385	-44.188133
3686.215210	-44.304245
3687.561035	-44.437775
3688.906860	-44.589607
3690.252686	-44.755192
3691.598511	-44.936127
3692.944336	-45.137695
3694.290161	-45.349354
3695.635986	-45.572433
3696.981812	-45.810947
3698.327637	-46.057644
3699.673462	-46.308788
3701.019287	-46.564205
3702.365112	-46.821438
3703.710938	-47.074589
3705.056763	-47.320103
3706.402588	-47.552151
3707.748413	-47.757187
3709.094238	-47.941414
3710.440063	-48.094810
3711.785889	-48.211037
3713.131714	-48.282784
3714.477539	-48.313591
3715.823364	-48.297153
3717.169189	-48.243416
3718.515015	-48.150124
3719.860840	-48.011799
3721.206665	-47.855194
3722.552490	-47.674595
3723.898315	-47.473907
3725.244141	-47.261520
3726.589966	-47.041683
3727.935791	-46.825027
3729.281616	-46.605530
3730.627441	-46.395092
3731.973267	-46.193401
3733.319092	-45.999790
3734.664917	-45.817852
3736.010742	-45.651764
3737.356567	-45.500977
3738.702393	-45.365776
3740.048218	-45.246307
3741.394043	-45.144341
3742.739868	-45.062576
3744.085693	-44.997208
3745.431519	-44.947975
3746.777344	-44.915833
3748.123169	-44.900383
3749.468994	-44.901031
3750.814819	-44.920494
3752.160645	-44.956676
3753.506470	-45.010006
3754.852295	-45.076965
3756.198120	-45.156197
3757.543945	-45.249874
3758.889771	-45.352169
3760.235596	-45.464245
3761.581421	-45.577816
3762.927246	-45.697807
3764.273071	-45.816246
3765.618896	-45.924206
3766.964722	-46.025455
3768.310547	-46.100014
3769.656372	-46.159077
3771.002197	-46.189426
3772.348022	-46.173729
3773.693848	-46.128975
3775.039673	-46.024673
3776.385498	-45.897514
3777.731323	-45.705246
3779.077148	-45.481136
3780.422974	-45.208832
3781.768799	-44.904873
3783.114624	-44.572548
3784.460449	-44.220669
3785.806274	-43.848064
3787.152100	-43.456898
3788.497925	-43.073490
3789.843750	-42.682823
3791.189575	-42.289097
3792.535400	-41.903351
3793.881226	-41.522778
3795.227051	-41.153519
3796.572876	-40.791172
3797.918701	-40.438473
3799.264526	-40.103519
3800.610352	-39.782139
3801.956177	-39.474327
3803.302002	-39.180172
3804.647827	-38.899696
3805.993652	-38.636715
3807.339478	-38.389565
3808.685303	-38.157150
3810.031128	-37.940689
3811.376953	-37.741653
3812.722778	-37.559235
3814.068604	-37.397682
3815.414429	-37.252647
3816.760254	-37.128620
3818.106079	-37.027012
3819.451904	-36.936718
3820.797729	-36.867546
3822.143555	-36.822197
3823.489380	-36.793682
3824.835205	-36.784840
3826.181030	-36.791317
3827.526855	-36.811661
3828.872681	-36.851742
3830.218506	-36.890953
3831.564331	-36.940338
3832.910156	-36.997520
3834.255981	-37.050594
3835.601807	-37.102734
3836.947632	-37.169727
3838.293457	-37.217613
3839.639282	-37.272179
3840.985107	-37.333042
3842.330933	-37.385227
3843.676758	-37.440853
3845.022583	-37.500164
3846.368408	-37.570179
3847.714233	-37.636375
3849.060059	-37.718414
3850.405884	-37.799309
3851.751709	-37.891209
3853.097534	-37.998096
3854.443359	-38.105434
3855.789185	-38.227425
3857.135010	-38.361458
3858.480835	-38.505527
3859.826660	-38.666241
3861.172485	-38.837170
3862.518311	-39.018375
3863.864136	-39.216537
3865.209961	-39.426422
3866.555786	-39.648552
3867.901611	-39.884857
3869.247437	-40.134895
3870.593262	-40.400959
3871.939087	-40.677601
3873.284912	-40.967934
3874.630737	-41.274265
3875.976562	-41.591103
3877.322388	-41.921577
3878.668213	-42.258030
3880.014038	-42.612759
3881.359863	-42.970505
3882.705688	-43.335934
3884.051514	-43.708130
3885.397339	-44.075485
3886.743164	-44.449921
3888.088989	-44.808285
3889.434814	-45.155918
3890.780640	-45.494278
3892.126465	-45.798630
3893.472290	-46.079529
3894.818115	-46.327812
3896.163940	-46.532963
3897.509766	-46.697231
3898.855591	-46.822598
3900.201416	-46.888016
3901.547241	-46.923161
3902.893066	-46.914440
3904.238892	-46.875572
3905.584717	-46.801071
3906.930542	-46.710911
3908.276367	-46.597790
3909.622192	-46.476089
3910.968018	-46.349579
3912.313843	-46.216274
3913.659668	-46.093021
3915.005493	-45.971546
3916.351318	-45.860226
3917.697144	-45.757782
3919.042969	-45.668549
3920.388794	-45.593765
3921.734619	-45.532944
3923.080444	-45.487804
3924.426270	-45.460308
3925.772095	-45.449200
3927.117920	-45.452885
3928.463745	-45.476475
3929.809570	-45.517365
3931.155396	-45.574974
3932.501221	-45.651356
3933.847046	-45.744038
3935.192871	-45.853012
3936.538696	-45.980061
3937.884521	-46.123775
3939.230347	-46.281033
3940.576172	-46.454166
3941.921997	-46.637302
3943.267822	-46.831669
3944.613647	-47.033573
3945.959473	-47.242954
3947.305298	-47.451355
3948.651123	-47.665230
3949.996948	-47.866695
3951.342773	-48.059448
3952.688599	-48.228325
3954.034424	-48.379433
3955.380249	-48.498833
3956.726074	-48.584854
3958.071899	-48.630791
3959.417725	-48.633121
3960.763550	-48.588997
3962.109375	-48.506191
3963.455200	-48.382542
3964.801025	-48.217682
3966.146851	-48.026279
3967.492676	-47.803139
3968.838501	-47.563305
3970.184326	-47.305855
3971.530151	-47.043312
3972.875977	-46.772808
3974.221802	-46.507729
3975.567627	-46.244625
3976.913452	-45.990978
3978.259277	-45.744949
3979.605103	-45.509892
3980.950928	-45.285858
3982.296753	-45.079830
3983.642578	-44.886402
3984.988403	-44.711151
3986.334229	-44.553364
3987.680054	-44.409889
3989.025879	-44.282619
3990.371704	-44.173027
3991.717529	-44.081520
3993.063354	-44.004757
3994.409180	-43.943348
3995.755005	-43.902664
3997.100830	-43.874271
3998.446655	-43.861187
3999.792480	-43.862854
4001.138306	-43.879944
4002.484131	-43.906082
4003.829956	-43.945358
4005.175781	-43.988724
4006.521606	-44.040535
4007.867432	-44.091991
4009.213257	-44.142357
4010.559082	-44.195873
4011.904907	-44.225361
4013.250732	-44.248245
4014.596558	-44.235947
4015.942383	-44.205040
4017.288208	-44.134144
4018.634033	-44.022903
4019.979858	-43.872486
4021.325684	-43.660839
4022.671509	-43.413670
4024.017334	-43.127647
4025.363159	-42.769779
4026.708984	-42.403263
4028.054810	-41.999313
4029.400635	-41.559158
4030.746460	-41.113380
4032.092285	-40.652634
4033.438110	-40.178207
4034.783936	-39.701729
4036.129761	-39.247272
4037.475586	-38.793926
4038.821411	-38.334930
4040.167236	-37.902901
4041.513062	-37.490414
4042.858887	-37.102592
4044.204712	-36.741329
4045.550537	-36.407265
4046.896362	-36.109661
4048.242188	-35.840485
4049.588013	-35.609486
4050.933838	-35.428524
4052.279663	-35.291325
4053.625488	-35.199226
4054.971313	-35.160465
4056.317139	-35.174023
4057.662964	-35.237247
4059.008789	-35.354485
4060.354614	-35.526970
4061.700439	-35.747494
4063.046265	-36.010395
4064.392090	-36.317894
4065.737915	-36.665710
4067.083740	-37.038754
4068.429565	-37.433144
4069.775391	-37.863869
4071.121216	-38.294815
4072.467041	-38.731953
4073.812866	-39.168198
4075.158691	-39.601936
4076.504517	-40.010151
4077.850342	-40.404072
4079.196167	-40.772720
4080.541992	-41.081738
4081.887817	-41.359795
4083.233643	-41.604374
4084.579468	-41.798286
4085.925293	-41.960567
4087.271118	-42.091053
4088.616943	-42.164249
4089.962769	-42.240299
4091.308594	-42.274509
4092.654419	-42.297371
4094.000244	-42.308842
4095.346069	-42.315502
4096.691895	-42.321346
4098.037720	-42.334435
4099.383545	-42.341335
4100.729370	-42.352814
4102.075195	-42.381992
4103.421021	-42.420853
4104.766846	-42.467567
4106.112671	-42.525642
4107.458496	-42.601444
4108.804321	-42.693607
4110.150146	-42.797764
4111.495972	-42.919060
4112.841797	-43.055874
4114.187622	-43.205742
4115.533447	-43.372375
4116.879272	-43.556007
4118.225098	-43.758812
4119.570923	-43.971085
4120.916748	-44.198837
4122.262573	-44.444908
4123.608398	-44.705254
4124.954224	-44.974976
4126.300049	-45.252335
4127.645874	-45.543812
4128.991699	-45.846947
4130.337524	-46.143658
4131.683350	-46.444912
4133.029175	-46.748535
4134.375000	-47.034908
4135.720825	-47.324329
4137.066650	-47.569107
4138.412476	-47.801537
4139.758301	-48.013084
4141.104126	-48.178654
4142.449951	-48.303360
4143.795776	-48.384430
4145.141602	-48.419384
4146.487427	-48.422516
4147.833252	-48.371338
4149.179077	-48.287483
4150.524902	-48.176128
4151.870728	-48.043049
4153.216553	-47.885368
4154.562378	-47.718708
4155.908203	-47.543068
4157.254028	-47.365334
4158.599854	-47.186855
4159.945679	-47.016026
4161.291504	-46.850182
4162.637329	-46.697014
4163.983154	-46.555191
4165.328979	-46.428257
4166.674805	-46.315113
4168.020630	-46.217415
4169.366455	-46.136688
4170.712280	-46.072517
4172.058105	-46.027061
4173.403931	-45.998592
4174.749756	-45.989384
4176.095581	-45.996727
4177.441406	-46.021030
4178.787231	-46.062355
4180.133057	-46.122124
4181.478882	-46.199287
4182.824707	-46.292393
4184.170532	-46.400223
4185.516357	-46.524147
4186.862183	-46.661324
4188.208008	-46.807884
4189.553833	-46.965847
4190.899658	-47.128998
4192.245483	-47.294102
4193.591309	-47.464073
4194.937134	-47.628777
4196.282959	-47.779739
4197.628784	-47.920921
4198.974609	-48.036919
4200.320435	-48.122215
4201.666260	-48.183964
4203.012085	-48.195686
4204.357910	-48.170879
4205.703735	-48.097721
4207.049561	-47.993382
4208.395386	-47.831196
4209.741211	-47.632969
4211.087036	-47.401527
4212.432861	-47.147686
4213.778687	-46.865105
4215.124512	-46.566814
4216.470337	-46.250492
4217.816162	-45.935833
4219.161987	-45.620052
4220.507812	-45.302135
4221.853638	-44.993935
4223.199463	-44.695110
4224.545288	-44.396339
4225.891113	-44.116688
4227.236938	-43.851021
4228.582764	-43.599392
4229.928589	-43.358601
4231.274414	-43.134682
4232.620239	-42.928288
4233.966064	-42.737675
4235.311890	-42.565773
4236.657715	-42.406734
4238.003540	-42.262234
4239.349365	-42.135315
4240.695190	-42.028847
4242.041016	-41.931538
4243.386841	-41.846645
4244.732666	-41.780750
4246.078491	-41.732693
4247.424316	-41.691566
4248.770142	-41.657509
4250.115967	-41.640965
4251.461792	-41.628025
4252.807617	-41.616047
4254.153442	-41.610703
4255.499268	-41.592434
4256.845093	-41.575642
4258.190918	-41.536057
4259.536743	-41.489250
4260.882568	-41.413452
4262.228394	-41.310581
4263.574219	-41.156727
4264.920044	-40.978539
4266.265869	-40.765743
4267.611694	-40.509968
4268.957520	-40.222385
4270.303345	-39.907497
4271.649170	-39.559242
4272.994995	-39.226574
4274.340820	-38.873230
4275.686646	-38.539581
4277.032471	-38.215961
4278.378296	-37.913757
4279.724121	-37.652111
4281.069946	-37.431137
4282.415771	-37.233925
4283.761597	-37.084499
4285.107422	-36.985062
4286.453247	-36.927094
4287.799072	-36.916119
4289.144897	-36.945309
4290.490723	-37.008492
4291.836548	-37.109684
4293.182373	-37.251087
4294.528198	-37.426670
4295.874023	-37.631870
4297.219849	-37.864571
4298.565674	-38.120621
4299.911499	-38.403683
4301.257324	-38.715424
4302.603149	-39.042019
4303.948975	-39.381962
4305.294800	-39.748562
4306.640625	-40.133530
4307.986450	-40.526833
4309.332275	-40.930588
4310.678101	-41.351933
4312.023926	-41.781288
4313.369751	-42.206921
4314.715576	-42.633472
4316.061401	-43.070786
4317.407227	-43.504848
4318.753052	-43.910900
4320.098877	-44.306705
4321.444702	-44.682144
4322.790527	-45.043697
4324.136353	-45.351593
4325.482178	-45.627113
4326.828003	-45.854950
4328.173828	-46.038521
4329.519653	-46.186504
4330.865479	-46.295464
4332.211304	-46.342796
4333.557129	-46.377262
4334.902954	-46.355930
4336.248779	-46.338268
4337.594604	-46.279015
4338.940430	-46.222752
4340.286255	-46.148525
4341.632080	-46.075825
4342.977905	-46.004623
4344.323730	-45.939690
4345.669556	-45.879406
4347.015381	-45.830288
4348.361206	-45.792454
4349.707031	-45.767632
4351.052856	-45.754086
4352.398682	-45.759258
4353.744507	-45.780415
4355.090332	-45.818016
4356.436157	-45.872753
4357.781982	-45.945473
4359.127808	-46.031750
4360.473633	-46.136578
4361.819458	-46.261505
4363.165283	-46.397182
4364.511108	-46.552902
4365.856934	-46.728638
4367.202759	-46.916019
4368.548584	-47.122368
4369.894409	-47.339638
4371.240234	-47.570995
4372.586060	-47.811703
4373.931885	-48.060730
4375.277710	-48.313488
4376.623535	-48.576385
4377.969360	-48.833443
4379.315186	-49.094082
4380.661011	-49.333649
4382.006836	-49.562218
4383.352661	-49.760948
4384.698486	-49.941532
4386.044312	-50.085041
4387.390137	-50.193024
4388.735962	-50.255058
4390.081787	-50.271770
4391.427612	-50.253036
4392.773438	-50.188347
4394.119263	-50.080338
4395.465088	-49.944622
4396.810913	-49.783211
4398.156738	-49.597870
4399.502563	-49.400124
4400.848389	-49.191856
4402.194214	-48.981464
4403.540039	-48.770031
4404.885864	-48.558907
4406.231689	-48.358017
4407.577515	-48.166496
4408.923340	-47.987103
4410.269165	-47.820763
4411.614990	-47.668129
4412.960815	-47.529961
4414.306641	-47.410145
4415.652466	-47.307526
4416.998291	-47.220581
4418.344116	-47.152607
4419.689941	-47.102772
4421.035767	-47.066895
4422.381592	-47.051010
4423.727417	-47.054565
4425.073242	-47.075165
4426.419067	-47.110939
4427.764893	-47.164192
4429.110718	-47.232990
4430.456543	-47.315769
4431.802368	-47.415237
4433.148193	-47.523460
4434.494019	-47.643291
4435.839844	-47.764565
4437.185669	-47.902782
4438.531494	-48.029263
4439.877319	-48.159496
4441.223145	-48.284180
4442.568970	-48.386143
4443.914795	-48.477646
4445.260620	-48.534672
4446.606445	-48.565063
4447.952271	-48.565514
4449.298096	-48.510010
4450.643921	-48.421497
4451.989746	-48.279930
4453.335571	-48.101051
4454.681396	-47.868382
4456.027222	-47.606178
4457.373047	-47.322441
4458.718872	-47.002335
4460.064697	-46.663063
4461.410522	-46.307629
4462.756348	-45.952198
4464.102173	-45.588890
4465.447998	-45.220631
4466.793823	-44.867413
4468.139648	-44.516273
4469.485474	-44.175179
4470.831299	-43.851444
4472.177124	-43.533371
4473.522949	-43.232273
4474.868774	-42.953770
4476.214600	-42.685959
4477.560425	-42.440384
4478.906250	-42.214390
4480.252075	-42.003967
4481.597900	-41.816490
4482.943726	-41.648392
4484.289551	-41.502182
4485.635376	-41.383347
4486.981201	-41.285271
4488.327026	-41.211704
4489.672852	-41.162891
4491.018677	-41.135544
4492.364502	-41.138584
4493.710327	-41.166523
4495.056152	-41.215591
4496.401978	-41.295620
4497.747803	-41.397110
4499.093628	-41.514603
4500.439453	-41.652470
4501.785278	-41.811405
4503.131104	-41.969540
4504.476929	-42.132484
4505.822754	-42.308678
4507.168579	-42.469872
4508.514404	-42.617653
4509.860229	-42.748390
4511.206055	-42.875790
4512.551880	-42.974514
4513.897705	-43.052982
4515.243530	-43.110073
4516.589355	-43.157238
4517.935181	-43.187798
4519.281006	-43.213417
4520.626831	-43.233318
4521.972656	-43.242008
4523.318481	-43.266315
4524.664307	-43.287537
4526.010132	-43.308075
4527.355957	-43.349476
4528.701782	-43.402164
4530.047607	-43.462048
4531.393433	-43.537056
4532.739258	-43.627728
4534.085083	-43.731327
4535.430908	-43.853687
4536.776733	-43.989399
4538.122559	-44.140434
4539.468384	-44.310459
4540.814209	-44.497036
4542.160034	-44.699566
4543.505859	-44.915588
4544.851685	-45.149025
4546.197510	-45.400379
4547.543335	-45.669392
4548.889160	-45.951050
4550.234985	-46.251339
4551.580811	-46.559814
4552.926636	-46.882599
4554.272461	-47.232079
4555.618286	-47.580025
4556.964111	-47.931339
4558.309937	-48.310257
4559.655762	-48.679142
4561.001587	-49.043266
4562.347412	-49.414902
4563.693237	-49.782841
4565.039062	-50.123795
4566.384888	-50.459160
4567.730713	-50.756748
4569.076538	-51.039387
4570.422363	-51.285969
4571.768188	-51.473972
4573.114014	-51.633495
4574.459839	-51.752960
4575.805664	-51.821281
4577.151489	-51.856892
4578.497314	-51.847775
4579.843140	-51.802361
4581.188965	-51.741467
4582.534790	-51.655262
4583.880615	-51.558128
4585.226440	-51.447453
4586.572266	-51.335121
4587.918091	-51.222816
4589.263916	-51.118343
4590.609741	-51.021973
4591.955566	-50.931835
4593.301392	-50.848736
4594.647217	-50.782917
4595.993042	-50.736401
4597.338867	-50.706440
4598.684692	-50.689209
4600.030518	-50.688862
4601.376343	-50.708477
4602.722168	-50.743729
4604.067993	-50.795197
4605.413818	-50.864315
4606.759644	-50.954098
4608.105469	-51.062637
4609.451294	-51.188534
4610.797119	-51.329433
4612.142944	-51.486900
4613.488770	-51.660404
4614.834595	-51.848267
4616.180420	-52.052494
4617.526245	-52.267170
4618.872070	-52.491230
4620.217896	-52.723087
4621.563721	-52.959034
4622.909546	-53.200386
4624.255371	-53.439114
4625.601196	-53.666424
4626.947021	-53.875221
4628.292847	-54.071823
4629.638672	-54.240810
4630.984497	-54.381695
4632.330322	-54.484550
4633.676147	-54.542786
4635.021973	-54.558159
4636.367798	-54.537586
4637.713623	-54.461048
4639.059448	-54.355019
4640.405273	-54.213100
4641.751099	-54.038090
4643.096924	-53.848751
4644.442749	-53.639446
4645.788574	-53.408871
4647.134399	-53.179184
4648.480225	-52.948879
4649.826050	-52.722588
4651.171875	-52.497929
4652.517700	-52.276321
4653.863525	-52.074749
4655.209351	-51.885307
4656.555176	-51.702717
4657.901001	-51.542076
4659.246826	-51.396912
4660.592651	-51.263680
4661.938477	-51.150810
4663.284302	-51.055965
4664.630127	-50.977978
4665.975952	-50.917503
4667.321777	-50.873680
4668.667603	-50.849701
4670.013428	-50.844646
4671.359253	-50.855003
4672.705078	-50.881771
4674.050903	-50.922741
4675.396729	-50.977825
4676.742554	-51.053905
4678.088379	-51.137424
4679.434204	-51.234577
4680.780029	-51.333279
4682.125854	-51.450527
4683.471680	-51.561260
4684.817505	-51.672680
4686.163330	-51.776176
4687.509155	-51.874111
4688.854980	-51.946423
4690.200806	-51.999744
4691.546631	-52.026546
4692.892456	-52.010475
4694.238281	-51.959106
4695.584106	-51.871346
4696.929932	-51.736675
4698.275757	-51.549370
4699.621582	-51.335426
4700.967407	-51.078144
4702.313232	-50.793125
4703.659058	-50.489815
4705.004883	-50.169525
4706.350708	-49.828869
4707.696533	-49.492596
4709.042358	-49.163322
4710.388184	-48.846657
4711.734009	-48.528469
4713.079834	-48.236313
4714.425659	-47.965755
4715.771484	-47.718948
4717.117310	-47.500652
4718.463135	-47.309200
4719.808960	-47.148335
4721.154785	-47.019196
4722.500610	-46.926037
4723.846436	-46.871265
4725.192261	-46.850182
4726.538086	-46.866589
4727.883911	-46.921471
4729.229736	-47.012726
4730.575562	-47.137253
4731.921387	-47.301144
4733.267212	-47.502563
4734.613037	-47.731113
4735.958862	-47.993839
4737.304688	-48.295380
4738.650513	-48.617374
4739.996338	-48.953255
4741.342163	-49.328400
4742.687988	-49.716717
4744.033813	-50.127762
4745.379639	-50.531208
4746.725464	-50.936302
4748.071289	-51.362640
4749.417114	-51.773350
4750.762939	-52.158268
4752.108765	-52.537060
4753.454590	-52.889427
4754.800415	-53.190514
4756.146240	-53.474007
4757.492065	-53.716877
4758.837891	-53.913464
4760.183716	-54.068089
4761.529541	-54.196712
4762.875366	-54.283844
4764.221191	-54.338863
4765.567017	-54.383369
4766.912842	-54.401020
4768.258667	-54.410473
4769.604492	-54.410786
4770.950317	-54.419701
4772.296143	-54.420334
4773.641968	-54.429634
4774.987793	-54.451870
4776.333618	-54.479641
4777.679443	-54.519466
4779.025269	-54.577217
4780.371094	-54.642845
4781.716919	-54.724590
4783.062744	-54.819084
4784.408569	-54.935089
4785.754395	-55.068226
4787.100220	-55.216324
4788.446045	-55.382595
4789.791870	-55.569206
4791.137695	-55.772713
4792.483521	-55.990025
4793.829346	-56.226604
4795.175171	-56.477158
4796.520996	-56.745815
4797.866821	-57.031227
4799.212646	-57.332405
4800.558472	-57.642311
4801.904297	-57.959980
4803.250122	-58.288486
4804.595947	-58.631016
4805.941772	-58.975613
4807.287598	-59.320236
4808.633423	-59.660686
4809.979248	-59.998512
4811.325073	-60.297020
4812.670898	-60.603065
4814.016724	-60.863583
4815.362549	-61.099537
4816.708374	-61.292267
4818.054199	-61.448147
4819.400024	-61.566269
4820.745850	-61.628880
4822.091675	-61.660015
4823.437500	-61.653873
4824.783325	-61.602478
4826.129150	-61.530830
4827.474976	-61.446507
4828.820801	-61.326557
4830.166626	-61.206139
4831.512451	-61.086002
4832.858276	-60.969170
4834.204102	-60.845730
4835.549927	-60.725887
4836.895752	-60.623821
4838.241577	-60.535496
4839.587402	-60.461849
4840.933228	-60.390648
4842.279053	-60.334114
4843.624878	-60.304836
4844.970703	-60.290985
4846.316528	-60.295349
4847.662354	-60.314358
4849.008179	-60.356003
4850.354004	-60.415188
4851.699829	-60.482372
4853.045654	-60.566273
4854.391479	-60.681683
4855.737305	-60.820118
4857.083130	-60.969784
4858.428955	-61.130478
4859.774780	-61.310230
4861.120605	-61.506348
4862.466431	-61.711693
4863.812256	-61.930943
4865.158081	-62.156422
4866.503906	-62.388260
4867.849731	-62.623306
4869.195557	-62.855995
4870.541382	-63.095356
4871.887207	-63.306763
4873.233032	-63.506466
4874.578857	-63.684696
4875.924683	-63.826214
4877.270508	-63.954567
4878.616333	-64.016022
4879.962158	-64.068970
4881.307983	-64.039230
4882.653809	-63.978600
4883.999634	-63.900597
4885.345459	-63.765915
4886.691284	-63.595444
4888.037109	-63.412292
4889.382935	-63.204144
4890.728760	-62.976463
4892.074585	-62.755711
4893.420410	-62.527348
4894.766235	-62.287388
4896.112061	-62.064877
4897.457886	-61.857578
4898.803711	-61.652691
4900.149536	-61.459587
4901.495361	-61.289017
4902.841187	-61.128357
4904.187012	-60.984039
4905.532837	-60.859047
4906.878662	-60.754227
4908.224487	-60.668312
4909.570312	-60.600475
4910.916138	-60.551537
4912.261963	-60.523193
4913.607788	-60.514565
4914.953613	-60.523201
4916.299438	-60.549660
4917.645264	-60.601212
4918.991089	-60.685452
4920.336914	-60.762714
4921.682739	-60.873848
4923.028564	-61.016586
4924.374390	-61.129219
4925.720215	-61.319283
4927.066040	-61.467171
4928.411865	-61.636353
4929.757690	-61.849773
4931.103516	-61.980789
4932.449341	-62.253578
4933.795166	-62.327579
4935.140991	-62.614082
4936.486816	-62.626007
4937.832642	-62.889378
4939.178467	-62.791912
4940.524292	-63.028942
4941.870117	-62.861591
4943.215942	-63.106033
4944.561768	-62.772099
4945.907593	-63.033409
4947.253418	-62.651241
4948.599243	-62.764042
4949.945068	-62.612602
4951.290894	-62.360344
4952.636719	-62.578571
4953.982544	-62.137440
4955.328369	-62.254932
4956.674194	-62.280457
4958.020020	-61.904865
4959.365845	-62.198860
4960.711670	-62.226810
4962.057495	-61.911068
4963.403320	-62.215317
4964.749146	-62.463715
4966.094971	-62.190769
4967.440796	-62.293697
4968.786621	-62.832321
4970.132446	-62.981209
4971.478271	-62.793831
4972.824097	-62.992279
4974.169922	-63.626598
4975.515747	-64.084373
4976.861572	-64.056671
4978.207397	-63.992504
4979.553223	-64.312111
4980.899048	-65.042030
4982.244873	-65.865410
4983.590698	-66.340912
4984.936523	-66.384476
4986.282349	-66.257233
4987.628174	-66.244293
4988.973999	-66.479752
4990.319824	-67.017647
4991.665649	-67.800644
4993.011475	-68.813087
4994.357300	-69.975227
4995.703125	-71.293304
4997.048950	-72.702583
4998.394775	-74.115768
4999.740601	-75.640053
5001.086426	-77.064590
5002.432251	-78.533752
5003.778076	-79.866043
5005.123901	-80.988197
5006.469727	-82.218193
5007.815552	-83.264313
5009.161377	-84.257690
5010.507202	-85.147240
5011.853027	-86.139923
5013.198853	-86.577606
5014.544678	-87.084076
5015.890503	-87.604973
5017.236328	-87.863052
5018.582153	-88.155098
5019.927979	-88.587883
5021.273804	-89.017174
5022.619629	-89.066231
5023.965454	-89.431335
5025.311279	-89.564606
5026.657104	-89.852585
5028.002930	-90.168037
5029.348755	-90.112625
5030.694580	-90.281906
5032.040405	-90.383598
5033.386230	-90.572273
5034.732056	-90.792839
5036.077881	-90.689819
5037.423706	-90.796867
5038.769531	-91.014191
5040.115356	-90.939049
5041.461182	-90.950775
5042.807007	-91.174469
5044.152832	-91.247772
5045.498657	-91.472694
5046.844482	-91.409523
5048.190308	-91.302971
5049.536133	-91.405968
5050.881958	-91.497543
5052.227783	-91.681511
5053.573608	-91.649414
5054.919434	-91.865814
5056.265259	-91.963768
5057.611084	-91.863846
5058.956909	-91.968246
5060.302734	-92.178940
5061.648560	-92.293755
5062.994385	-92.074982
5064.340210	-92.242683
5065.686035	-92.238411
5067.031860	-92.256294
5068.377686	-92.434578
5069.723511	-92.458748
5071.069336	-92.622726
5072.415161	-92.660973
5073.760986	-92.552856
5075.106812	-92.569214
5076.452637	-92.618172
5077.798462	-92.470444
5079.144287	-92.863266
5080.490112	-92.838387
5081.835938	-92.960396
5083.181763	-92.676163
5084.527588	-92.746918
5085.873413	-92.785049
5087.219238	-92.852219
5088.565063	-92.612541
5089.910889	-92.263939
5091.256714	-92.268921
5092.602539	-92.632599
5093.948364	-92.481026
5095.294189	-92.390137
5096.640015	-92.486542
5097.985840	-92.355293
5099.331665	-92.195602
5100.677490	-91.652008
5102.023315	-91.778137
5103.369141	-91.682999
5104.714966	-91.600838
5106.060791	-91.344353
5107.406616	-91.364494
5108.752441	-91.395798
5110.098267	-90.887245
5111.444092	-91.008522
5112.789917	-90.747864
5114.135742	-90.507080
5115.481567	-90.320007
5116.827393	-90.302261
5118.173218	-90.020714
5119.519043	-89.681656
5120.864868	-89.413994
5122.210693	-89.359245
5123.556519	-89.207512
5124.902344	-89.120003
5126.248169	-88.865707
5127.593994	-88.788620
5128.939819	-88.821625
5130.285645	-88.740631
5131.631470	-88.442726
5132.977295	-88.295090
5134.323120	-88.030777
5135.668945	-87.868919
5137.014771	-87.727951
5138.360596	-87.677757
5139.706421	-87.577904
5141.052246	-87.334747
5142.398071	-87.173126
5143.743896	-87.044502
5145.089722	-86.944977
5146.435547	-86.748520
5147.781372	-86.696495
5149.127197	-86.678909
5150.473022	-86.608429
5151.818848	-86.502419
5153.164673	-86.461380
5154.510498	-86.395477
5155.856323	-86.352119
5157.202148	-86.283844
5158.547974	-86.235664
5159.893799	-86.244240
5161.239624	-86.289268
5162.585449	-86.219521
5163.931274	-86.251335
5165.277100	-86.340523
5166.622925	-86.262177
5167.968750	-86.310028
5169.314575	-86.444145
5170.660400	-86.517792
5172.006226	-86.423470
5173.352051	-86.502251
5174.697876	-86.679771
5176.043701	-86.842926
5177.389526	-86.899910
5178.735352	-86.886673
5180.081177	-87.025391
5181.427002	-87.193748
5182.772827	-87.367416
5184.118652	-87.508354
5185.464478	-87.603210
5186.810303	-87.620453
5188.156128	-87.900932
5189.501953	-88.033966
5190.847778	-88.107735
5192.193604	-88.285065
5193.539429	-88.504700
5194.885254	-88.661407
5196.231079	-88.857468
5197.576904	-89.062302
5198.922729	-89.385490
5200.268555	-89.301468
5201.614380	-89.312622
5202.960205	-89.592125
5204.306030	-89.864189
5205.651855	-90.195023
5206.997681	-90.107574
5208.343506	-90.388412
5209.689331	-90.727783
5211.035156	-90.695457
5212.380981	-90.898453
5213.726807	-90.912369
5215.072632	-91.229431
5216.418457	-91.463470
5217.764282	-91.421181
5219.110107	-91.554985
5220.455933	-91.876656
5221.801758	-91.728203
5223.147583	-91.856773
5224.493408	-91.929504
5225.839233	-92.274956
5227.185059	-92.303314
5228.530884	-92.291878
5229.876709	-92.428551
5231.222534	-92.528671
5232.568359	-92.396339
5233.914185	-92.594536
5235.260010	-92.871010
5236.605835	-92.623535
5237.951660	-92.774780
5239.297485	-92.847214
5240.643311	-92.938995
5241.989136	-93.006317
5243.334961	-92.865456
5244.680786	-92.929688
5246.026611	-92.951080
5247.372437	-93.260933
5248.718262	-93.283089
5250.064087	-93.337914
5251.409912	-93.479691
5252.755737	-93.356728
5254.101562	-93.334793
5255.447388	-93.396790
5256.793213	-93.622444
5258.139038	-93.811638
5259.484863	-93.956604
5260.830688	-93.911499
5262.176514	-94.014755
5263.522339	-94.094765
5264.868164	-94.291557
5266.213989	-94.441055
5267.559814	-94.468414
5268.905640	-94.559425
5270.251465	-94.570595
5271.597290	-94.700829
5272.943115	-95.068207
5274.288940	-95.396088
5275.634766	-95.403206
5276.980591	-95.452499
5278.326416	-95.643738
5279.672241	-95.916176
5281.018066	-96.055862
5282.363892	-96.282578
5283.709717	-96.591423
5285.055542	-96.805153
5286.401367	-96.908417
5287.747192	-97.127655
5289.093018	-97.396873
5290.438843	-97.625404
5291.784668	-97.813873
5293.130493	-97.933777
5294.476318	-98.205750
5295.822144	-98.610092
5297.167969	-99.003273
5298.513794	-99.253654
5299.859619	-99.560608
5301.205444	-99.808205
5302.551270	-100.084503
5303.897095	-100.344437
5305.242920	-100.592400
5306.588745	-100.911903
5307.934570	-101.196709
5309.280396	-101.519356
5310.626221	-101.782501
5311.972046	-102.246994
5313.317871	-102.534164
5314.663696	-102.958366
5316.009521	-103.143539
5317.355347	-103.680672
5318.701172	-104.151199
5320.046997	-104.473450
5321.392822	-104.781914
5322.738647	-105.184349
5324.084473	-105.587341
5325.430298	-105.999977
5326.776123	-106.112129
5328.121948	-106.443253
5329.467773	-107.182022
5330.813599	-107.542778
5332.159424	-107.625549
5333.505249	-107.926842
5334.851074	-108.475151
5336.196899	-108.940636
5337.542725	-109.300987
5338.888550	-109.597137
5340.234375	-110.058823
5341.580200	-110.355064
5342.926025	-110.795624
5344.271851	-111.233147
5345.617676	-111.402473
5346.963501	-111.748863
5348.309326	-112.152641
5349.655151	-112.724106
5351.000977	-113.224754
5352.346802	-113.511963
5353.692627	-113.690147
5355.038452	-113.961739
5356.384277	-114.566193
5357.730103	-114.821205
5359.075928	-115.283714
5360.421753	-115.718048
5361.767578	-116.121887
5363.113403	-116.582695
5364.459229	-116.980583
5365.805054	-117.274460
5367.150879	-117.619011
5368.496704	-118.175903
5369.842529	-118.633659
5371.188354	-119.265656
5372.534180	-119.683327
5373.880005	-120.030769
5375.225830	-120.586678
5376.571655	-121.215698
5377.917480	-121.856888
5379.263306	-122.423828
5380.609131	-122.919075
5381.954956	-123.517403
5383.300781	-124.117592
5384.646606	-124.657272
5385.992432	-125.325844
5387.338257	-126.194138
5388.684082	-127.041328
5390.029907	-127.822685
5391.375732	-128.625229
5392.721558	-129.438126
5394.067383	-130.595245
5395.413208	-131.671982
5396.759033	-132.512375
5398.104858	-133.402573
5399.450684	-134.128235
5400.796509	-135.306885
5402.142334	-136.500320
5403.488159	-137.724716
5404.833984	-138.741806
5406.179810	-139.879364
5407.525635	-141.538269
5408.871460	-142.821045
5410.217285	-143.572632
5411.563110	-144.364227
5412.908936	-145.556686
5414.254761	-146.346664
5415.600586	-146.858261
5416.946411	-147.022644
5418.292236	-147.354355
5419.638062	-147.655243
5420.983887	-147.989670
5422.329712	-148.179718
5423.675537	-148.587891
5425.021362	-149.296295
5426.367188	-149.787140
5427.713013	-150.350494
5429.058838	-150.674194
5430.404663	-151.432983
5431.750488	-152.257874
5433.096313	-152.832840
5434.442139	-153.949310
5435.787964	-154.854980
5437.133789	-155.700012
5438.479614	-156.315414
5439.825439	-157.495880
5441.171265	-158.058929
5442.517090	-159.415588
5443.862915	-160.075287
5445.208740	-161.238571
5446.554565	-162.753433
5447.900391	-163.406540
5449.246216	-164.935577
5450.592041	-165.659134
5451.937866	-166.804092
5453.283691	-167.305023
5454.629517	-167.511566
5455.975342	-170.459335
5457.321167	-172.630066
5458.666992	-173.013184
5460.012817	-173.063904
5461.358643	-174.212097
5462.704468	-173.190323
5464.050293	-177.360687
5465.396118	-177.202530
5466.741943	-178.606979
5468.087769	-180.261963
5469.433594	-177.890610
5470.779419	-180.345856
5472.125244	-176.134781
5473.471069	-181.738266
5474.816895	-180.433243
5476.162720	-178.927597
5477.508545	-181.067337
5478.854370	-179.579865
5480.200195	-180.455963
5481.546021	-181.523407
5482.891846	-181.405685
5484.237671	-183.101349
5485.583496	-181.464569
5486.929321	-180.870026
5488.275146	-181.917099
5489.620972	-180.215988
5490.966797	-180.815842
5492.312622	-182.224945
5493.658447	-181.756958
5495.004272	-182.919830
5496.350098	-183.252441
5497.695923	-184.252029
5499.041748	-182.162399
5500.387573	-182.114639
5501.733398	-182.725739
5503.079224	-181.737839
5504.425049	-180.766693
5505.770874	-182.232559
5507.116699	-181.849396
5508.462524	-183.652588
5509.808350	-183.795517
5511.154175	-181.969437
