Frequency (Hz)	Level (dB)
1.345825	-112.021729
2.691650	-101.715828
4.037476	-97.423065
5.383301	-95.388763
6.729126	-93.127106
8.074951	-93.102898
9.420776	-89.558983
10.766602	-85.659554
12.112427	-83.715858
13.458252	-84.188133
14.804077	-85.988426
16.149902	-84.930290
17.495728	-83.891136
18.841553	-82.344215
20.187378	-82.707870
21.533203	-81.556244
22.879028	-80.744850
24.224854	-80.811462
25.570679	-81.105759
26.916504	-80.015373
28.262329	-79.649132
29.608154	-79.547997
30.953979	-81.576393
32.299805	-81.520889
33.645630	-80.971268
34.991455	-79.982002
36.337280	-79.745285
37.683105	-80.643555
39.028931	-79.951256
40.374756	-79.548912
41.720581	-79.911835
43.066406	-79.583855
44.412231	-78.862579
45.758057	-79.869614
47.103882	-78.632545
48.449707	-77.892662
49.795532	-77.123543
51.141357	-77.336533
52.487183	-77.263329
53.833008	-76.751785
55.178833	-75.554649
56.524658	-75.028023
57.870483	-74.586166
59.216309	-74.424850
60.562134	-74.318413
61.907959	-73.728401
63.253784	-73.670166
64.599609	-75.512917
65.945435	-77.161140
67.291260	-77.568291
68.637085	-76.506577
69.982910	-75.606361
71.328735	-75.826660
72.674561	-75.709328
74.020386	-75.896400
75.366211	-76.369705
76.712036	-76.834549
78.057861	-77.463013
79.403687	-77.849625
80.749512	-77.877800
82.095337	-77.844978
83.441162	-77.588898
84.786987	-77.311012
86.132812	-77.099777
87.478638	-77.333305
88.824463	-77.817482
90.170288	-76.969780
91.516113	-76.859131
92.861938	-77.937294
94.207764	-77.486580
95.553589	-77.880051
96.899414	-77.971817
98.245239	-77.777489
99.591064	-77.814835
100.936890	-77.575714
102.282715	-76.911804
103.628540	-76.277267
104.974365	-76.368134
106.320190	-75.771210
107.666016	-76.118469
109.011841	-76.133186
110.357666	-75.547165
111.703491	-75.285240
113.049316	-74.693161
114.395142	-74.031235
115.740967	-74.244949
117.086792	-74.133217
118.432617	-73.493431
119.778442	-71.877792
121.124268	-72.303436
122.470093	-74.138550
123.815918	-74.303391
125.161743	-74.276085
126.507568	-74.100227
127.853394	-73.986671
129.199219	-74.129570
130.545044	-74.304573
131.890869	-74.407944
133.236694	-74.375015
134.582520	-74.381142
135.928345	-74.363640
137.274170	-74.710815
138.619995	-74.769165
139.965820	-74.549339
141.311646	-75.012680
142.657471	-75.089195
144.003296	-75.478127
145.349121	-75.105240
146.694946	-75.050407
148.040771	-75.486748
149.386597	-75.985832
150.732422	-75.825890
152.078247	-75.719185
153.424072	-75.562408
154.769897	-75.882614
156.115723	-75.520363
157.461548	-75.252708
158.807373	-75.013725
160.153198	-74.864334
161.499023	-74.659500
162.844849	-74.245789
164.190674	-74.430595
165.536499	-74.145653
166.882324	-73.822517
168.228149	-73.734833
169.573975	-73.440208
170.919800	-72.950966
172.265625	-72.752686
173.611450	-72.617210
174.957275	-72.449593
176.303101	-72.218460
177.648926	-71.895134
178.994751	-71.693253
180.340576	-71.526802
181.686401	-71.472191
183.032227	-71.395203
184.378052	-71.283997
185.723877	-71.084671
187.069702	-70.933777
188.415527	-70.920494
189.761353	-70.965569
191.107178	-71.067558
192.453003	-71.004051
193.798828	-70.862183
195.144653	-70.886398
196.490479	-70.981316
197.836304	-70.994606
199.182129	-71.032822
200.527954	-71.125679
201.873779	-71.246208
203.219604	-71.532593
204.565430	-71.401573
205.911255	-71.378593
207.257080	-71.545517
208.602905	-71.765739
209.948730	-71.618164
211.294556	-71.594597
212.640381	-71.459076
213.986206	-71.540413
215.332031	-71.578781
216.677856	-71.163704
218.023682	-71.011887
219.369507	-70.918877
220.715332	-70.425331
222.061157	-70.098511
223.406982	-69.854301
224.752808	-69.581589
226.098633	-69.335526
227.444458	-68.924179
228.790283	-68.405746
230.136108	-67.964249
231.481934	-67.644066
232.827759	-67.205429
234.173584	-66.933968
235.519409	-66.579491
236.865234	-66.218506
238.211060	-65.883484
239.556885	-65.423584
240.902710	-64.110291
242.248535	-63.805122
243.594360	-64.531845
244.940186	-64.343697
246.286011	-64.109436
247.631836	-63.936138
248.977661	-63.689220
250.323486	-63.404800
251.669312	-63.225079
253.015137	-63.068764
254.360962	-62.818310
255.706787	-62.598595
257.052612	-62.426746
258.398438	-62.264885
259.744263	-62.129307
261.090088	-62.003696
262.435913	-61.819031
263.781738	-61.678242
265.127563	-61.515427
266.473389	-61.337570
267.819214	-61.138016
269.165039	-61.037201
270.510864	-60.817760
271.856689	-60.610168
273.202515	-60.225414
274.548340	-59.769131
275.894165	-59.395870
277.239990	-58.990685
278.585815	-58.590649
279.931641	-58.082840
281.277466	-57.623146
282.623291	-57.155342
283.969116	-56.889450
285.314941	-56.551086
286.660767	-56.292107
288.006592	-56.108250
289.352417	-55.965485
290.698242	-55.875118
292.044067	-55.897434
293.389893	-56.054543
294.735718	-56.256641
296.081543	-56.475739
297.427368	-56.636635
298.773193	-56.860065
300.119019	-57.157074
301.464844	-57.433765
302.810669	-57.719780
304.156494	-58.092651
305.502319	-58.490726
306.848145	-58.851307
308.193970	-59.173637
309.539795	-59.513847
310.885620	-59.892742
312.231445	-60.287514
313.577271	-60.675594
314.923096	-61.123348
316.268921	-61.561199
317.614746	-61.944313
318.960571	-62.369038
320.306396	-62.736946
321.652222	-63.084942
322.998047	-63.587711
324.343872	-64.081917
325.689697	-64.549950
327.035522	-65.049866
328.381348	-65.385612
329.727173	-65.810089
331.072998	-66.237267
332.418823	-66.609535
333.764648	-66.930649
335.110474	-67.259087
336.456299	-67.460846
337.802124	-67.664482
339.147949	-67.847107
340.493774	-67.943619
341.839600	-68.006721
343.185425	-68.131889
344.531250	-68.117638
345.877075	-68.061729
347.222900	-68.025917
348.568726	-68.118362
349.914551	-67.929001
351.260376	-67.896271
352.606201	-67.766609
353.952026	-67.638542
355.297852	-67.556557
356.643677	-67.505951
357.989502	-67.433395
359.335327	-67.454803
360.681152	-67.420105
362.026978	-67.339287
363.372803	-67.382034
364.718628	-67.453957
366.064453	-67.505936
367.410278	-67.564636
368.756104	-67.644302
370.101929	-67.691803
371.447754	-67.763306
372.793579	-67.888588
374.139404	-67.957016
375.485229	-68.073692
376.831055	-68.304932
378.176880	-68.584106
379.522705	-68.850677
380.868530	-69.021622
382.214355	-69.260521
383.560181	-69.483337
384.906006	-69.673264
386.251831	-69.926758
387.597656	-70.237640
388.943481	-70.552109
390.289307	-70.845924
391.635132	-70.937820
392.980957	-71.099426
394.326782	-71.376282
395.672607	-71.642838
397.018433	-71.730927
398.364258	-71.884422
399.710083	-71.961327
401.055908	-71.971962
402.401733	-71.953842
403.747559	-71.772041
405.093384	-71.684464
406.439209	-71.664711
407.785034	-71.471107
409.130859	-71.243401
410.476685	-71.075615
411.822510	-70.875206
413.168335	-70.690613
414.514160	-70.525032
415.859985	-70.345207
417.205811	-70.111305
418.551636	-69.901070
419.897461	-69.730919
421.243286	-69.620728
422.589111	-69.503876
423.934937	-69.413750
425.280762	-69.330414
426.626587	-69.262108
427.972412	-69.186005
429.318237	-69.094963
430.664062	-69.041634
432.009888	-69.044449
433.355713	-69.075996
434.701538	-69.104195
436.047363	-69.178024
437.393188	-69.280884
438.739014	-69.376343
440.084839	-69.478043
441.430664	-69.542191
442.776489	-69.674065
444.122314	-69.871964
445.468140	-70.047935
446.813965	-70.257286
448.159790	-70.491592
449.505615	-70.646492
450.851440	-70.722244
452.197266	-70.889259
453.543091	-71.073372
454.888916	-71.287735
456.234741	-71.384674
457.580566	-71.378494
458.926392	-71.396652
460.272217	-71.468086
461.618042	-71.411194
462.963867	-71.356110
464.309692	-71.198761
465.655518	-71.076355
467.001343	-70.905563
468.347168	-70.664864
469.692993	-70.449844
471.038818	-70.132416
472.384644	-69.856026
473.730469	-69.615448
475.076294	-69.355080
476.422119	-69.095337
477.767944	-68.791679
479.113770	-68.523315
480.459595	-68.279839
481.805420	-68.032349
483.151245	-67.779076
484.497070	-67.581367
485.842896	-67.425285
487.188721	-67.280502
488.534546	-67.084183
489.880371	-66.915108
491.226196	-66.800743
492.572021	-66.697266
493.917847	-66.591858
495.263672	-66.496880
496.609497	-66.464020
497.955322	-66.465126
499.301147	-66.453056
500.646973	-66.428925
501.992798	-66.400642
503.338623	-66.435020
504.684448	-66.494705
506.030273	-66.567673
507.376099	-66.613968
508.721924	-66.678215
510.067749	-66.729622
511.413574	-66.813377
512.759399	-66.816154
514.105225	-66.843102
515.451050	-66.875977
516.796875	-66.895134
518.142700	-66.873962
519.488525	-66.814812
520.834351	-66.723717
522.180176	-66.587990
523.526001	-66.275818
524.871826	-65.998779
526.217651	-65.770645
527.563477	-65.462555
528.909302	-65.080956
530.255127	-64.666405
531.600952	-64.265755
532.946777	-63.804440
534.292603	-63.403454
535.638428	-62.917732
536.984253	-62.420147
538.330078	-61.915123
539.675903	-61.453342
541.021729	-61.015812
542.367554	-60.560131
543.713379	-60.100636
545.059204	-59.622482
546.405029	-59.200581
547.750854	-58.833675
549.096680	-58.432091
550.442505	-58.011650
551.788330	-57.628139
553.134155	-57.266621
554.479980	-56.905567
555.825806	-56.557903
557.171631	-56.241638
558.517456	-55.967072
559.863281	-55.694874
561.209106	-55.415455
562.554932	-55.189114
563.900757	-54.974766
565.246582	-54.808937
566.592407	-54.740936
567.938232	-54.673969
569.284058	-54.686859
570.629883	-54.731728
571.975708	-54.828957
573.321533	-54.993767
574.667358	-55.226746
576.013184	-55.483448
577.359009	-55.767868
578.704834	-56.094772
580.050659	-56.429672
581.396484	-56.776131
582.742310	-57.124889
584.088135	-57.470421
585.433960	-57.781673
586.779785	-58.038502
588.125610	-58.329662
589.471436	-58.538803
590.817261	-58.738750
592.163086	-58.949409
593.508911	-59.132084
594.854736	-59.277924
596.200562	-59.426212
597.546387	-59.556789
598.892212	-59.686096
600.238037	-59.787674
601.583862	-59.904404
602.929688	-60.049202
604.275513	-60.175804
605.621338	-60.305134
606.967163	-60.457058
608.312988	-60.614944
609.658813	-60.776733
611.004639	-60.935497
612.350464	-61.110664
613.696289	-61.314793
615.042114	-61.530033
616.387939	-61.770283
617.733765	-62.024490
619.079590	-62.264217
620.425415	-62.507458
621.771240	-62.784081
623.117065	-63.069565
624.462891	-63.381958
625.808716	-63.722694
627.154541	-64.026917
628.500366	-64.381691
629.846191	-64.735603
631.192017	-65.068314
632.537842	-65.424080
633.883667	-65.771820
635.229492	-66.072296
636.575317	-66.402542
637.921143	-66.712151
639.266968	-67.033112
640.612793	-67.267700
641.958618	-67.470901
643.304443	-67.702019
644.650269	-67.891441
645.996094	-67.948524
647.341919	-68.062569
648.687744	-68.038559
650.033569	-67.981888
651.379395	-67.949829
652.725220	-67.936806
654.071045	-67.778595
655.416870	-67.670288
656.762695	-67.570930
658.108521	-67.457161
659.454346	-67.329208
660.800171	-67.202080
662.145996	-67.081940
663.491821	-66.939896
664.837646	-66.850067
666.183472	-66.791985
667.529297	-66.739662
668.875122	-66.662094
670.220947	-66.598305
671.566772	-66.605965
672.912598	-66.638687
674.258423	-66.675446
675.604248	-66.723610
676.950073	-66.764854
678.295898	-66.808563
679.641724	-66.874763
680.987549	-67.010910
682.333374	-67.195618
683.679199	-67.328407
685.025024	-67.457741
686.370850	-67.630234
687.716675	-67.811485
689.062500	-68.052078
690.408325	-68.293114
691.754150	-68.537544
693.099976	-68.791161
694.445801	-68.995644
695.791626	-69.243546
697.137451	-69.486572
698.483276	-69.702606
699.829102	-69.854256
701.174927	-70.047852
702.520752	-70.227997
703.866577	-70.297371
705.212402	-70.353134
706.558228	-70.367081
707.904053	-70.424126
709.249878	-70.377853
710.595703	-70.300217
711.941528	-70.103249
713.287354	-69.951218
714.633179	-69.766853
715.979004	-69.614166
717.324829	-69.442291
718.670654	-69.211426
720.016479	-68.956230
721.362305	-68.725334
722.708130	-68.526100
724.053955	-68.342827
725.399780	-68.133011
726.745605	-67.949234
728.091431	-67.802208
729.437256	-67.644119
730.783081	-67.488075
732.128906	-67.360970
733.474731	-67.267601
734.820557	-67.210075
736.166382	-67.140465
737.512207	-67.072540
738.858032	-67.057625
740.203857	-67.052078
741.549683	-67.049820
742.895508	-67.102783
744.241333	-67.133385
745.587158	-67.159470
746.932983	-67.264229
748.278809	-67.375130
749.624634	-67.462372
750.970459	-67.578735
752.316284	-67.726196
753.662109	-67.865829
755.007935	-67.978424
756.353760	-68.135948
757.699585	-68.299385
759.045410	-68.480995
760.391235	-68.563568
761.737061	-68.655403
763.082886	-68.750351
764.428711	-68.798233
765.774536	-68.781769
767.120361	-68.770424
768.466187	-68.681412
769.812012	-68.590401
771.157837	-68.440483
772.503662	-68.227089
773.849487	-67.984604
775.195312	-67.745407
776.541138	-67.487160
777.886963	-67.185249
779.232788	-66.841660
780.578613	-66.523575
781.924438	-66.231010
783.270264	-65.921898
784.616089	-65.590340
785.961914	-65.286758
787.307739	-65.020844
788.653564	-64.735779
789.999390	-64.457085
791.345215	-64.216309
792.691040	-63.990322
794.036865	-63.759647
795.382690	-63.556828
796.728516	-63.393803
798.074341	-63.239063
799.420166	-63.085228
800.765991	-62.939579
802.111816	-62.813667
803.457642	-62.705589
804.803467	-62.604008
806.149292	-62.521626
807.495117	-62.472347
808.840942	-62.457077
810.186768	-62.435856
811.532593	-62.395916
812.878418	-62.392117
814.224243	-62.389378
815.570068	-62.371288
816.915894	-62.378216
818.261719	-62.387424
819.607544	-62.358322
820.953369	-62.299030
822.299194	-62.240780
823.645020	-62.223457
824.990845	-62.084049
826.336670	-61.903893
827.682495	-61.738464
829.028320	-61.511795
830.374146	-61.203533
831.719971	-60.835377
833.065796	-60.475014
834.411621	-59.994488
835.757446	-59.541157
837.103271	-59.024494
838.449097	-58.499596
839.794922	-57.925156
841.140747	-57.353489
842.486572	-56.786091
843.832397	-56.208824
845.178223	-55.647839
846.524048	-55.093193
847.869873	-54.526703
849.215698	-53.983566
850.561523	-53.480225
851.907349	-53.010399
853.253174	-52.559765
854.598999	-52.146736
855.944824	-51.788094
857.290649	-51.496899
858.636475	-51.283997
859.982300	-51.137260
861.328125	-51.062145
862.673950	-51.077461
864.019775	-51.183899
865.365601	-51.368690
866.711426	-51.611263
868.057251	-51.939243
869.403076	-52.334850
870.748901	-52.752331
872.094727	-53.204197
873.440552	-53.707752
874.786377	-54.239075
876.132202	-54.812729
877.478027	-55.374416
878.823853	-55.918846
880.169678	-56.490181
881.515503	-57.058418
882.861328	-57.566250
884.207153	-58.060047
885.552979	-58.574440
886.898804	-59.040596
888.244629	-59.359451
889.590454	-59.710217
890.936279	-60.079720
892.282104	-60.336636
893.627930	-60.487968
894.973755	-60.662491
896.319580	-60.851883
897.665405	-60.929596
899.011230	-60.981613
900.357056	-61.024086
901.702881	-61.060802
903.048706	-61.084625
904.394531	-61.121826
905.740356	-61.111740
907.086182	-61.139847
908.432007	-61.141167
909.777832	-61.155598
911.123657	-61.228710
912.469482	-61.249134
913.815308	-61.297222
915.161133	-61.386944
916.506958	-61.447754
917.852783	-61.528454
919.198608	-61.663311
920.544434	-61.803524
921.890259	-61.946167
923.236084	-62.093647
924.581909	-62.269226
925.927734	-62.464710
927.273560	-62.650486
928.619385	-62.868309
929.965210	-63.140255
931.311035	-63.403263
932.656860	-63.627281
934.002686	-63.889111
935.348511	-64.202667
936.694336	-64.497475
938.040161	-64.805138
939.385986	-65.116463
940.731812	-65.457726
942.077637	-65.760452
943.423462	-66.004341
944.769287	-66.313301
946.115112	-66.550537
947.460938	-66.781273
948.806763	-67.012520
950.152588	-67.173218
951.498413	-67.274498
952.844238	-67.320923
954.190063	-67.403893
955.535889	-67.424202
956.881714	-67.355644
958.227539	-67.230316
959.573364	-67.142685
960.919189	-67.002876
962.265015	-66.848389
963.610840	-66.681427
964.956665	-66.551270
966.302490	-66.377075
967.648315	-66.215118
968.994141	-66.075233
970.339966	-65.917526
971.685791	-65.804581
973.031616	-65.685974
974.377441	-65.548859
975.723267	-65.465897
977.069092	-65.427597
978.414917	-65.391563
979.760742	-65.358711
981.106567	-65.337257
982.452393	-65.335785
983.798218	-65.365608
985.144043	-65.413704
986.489868	-65.467598
987.835693	-65.536934
989.181519	-65.627922
990.527344	-65.758911
991.873169	-65.890793
993.218994	-66.007629
994.564819	-66.172997
995.910645	-66.343811
997.256470	-66.509903
998.602295	-66.726234
999.948120	-66.954697
1001.293945	-67.151459
1002.639771	-67.328842
1003.985596	-67.531555
1005.331421	-67.757736
1006.677246	-67.880096
1008.023071	-68.021400
1009.368896	-68.156189
1010.714722	-68.242165
1012.060547	-68.285408
1013.406372	-68.315727
1014.752197	-68.317734
1016.098022	-68.214211
1017.443848	-68.087029
1018.789673	-67.937546
1020.135498	-67.745094
1021.481323	-67.551628
1022.827148	-67.327415
1024.172974	-67.024475
1025.518799	-66.773491
1026.864624	-66.548233
1028.210449	-66.328232
1029.556274	-66.075958
1030.902100	-65.824669
1032.247925	-65.606117
1033.593750	-65.408981
1034.939575	-65.191734
1036.285400	-65.003159
1037.631226	-64.835464
1038.977051	-64.672150
1040.322876	-64.547447
1041.668701	-64.448540
1043.014526	-64.357613
1044.360352	-64.267899
1045.706177	-64.194656
1047.052002	-64.157547
1048.397827	-64.139107
1049.743652	-64.142174
1051.089478	-64.146240
1052.435303	-64.162979
1053.781128	-64.212509
1055.126953	-64.265999
1056.472778	-64.327820
1057.818604	-64.435120
1059.164429	-64.538475
1060.510254	-64.613396
1061.856079	-64.715073
1063.201904	-64.844955
1064.547729	-64.931290
1065.893555	-65.019241
1067.239380	-65.117271
1068.585205	-65.161003
1069.931030	-65.218559
1071.276855	-65.201401
1072.622681	-65.184120
1073.968506	-65.103836
1075.314331	-64.964058
1076.660156	-64.791740
1078.005981	-64.596046
1079.351807	-64.346817
1080.697632	-64.050873
1082.043457	-63.746399
1083.389282	-63.409981
1084.735107	-63.034698
1086.080933	-62.679520
1087.426758	-62.318878
1088.772583	-61.918644
1090.118408	-61.541981
1091.464233	-61.155804
1092.810059	-60.793266
1094.155884	-60.414589
1095.501709	-60.047062
1096.847534	-59.711983
1098.193359	-59.377518
1099.539185	-59.061207
1100.885010	-58.759445
1102.230835	-58.473885
1103.576660	-58.210789
1104.922485	-57.953583
1106.268311	-57.707165
1107.614136	-57.471489
1108.959961	-57.249596
1110.305786	-57.044609
1111.651611	-56.849888
1112.997437	-56.672432
1114.343262	-56.500401
1115.689087	-56.345757
1117.034912	-56.200985
1118.380737	-56.058392
1119.726562	-55.924889
1121.072388	-55.800400
1122.418213	-55.663712
1123.764038	-55.529068
1125.109863	-55.385689
1126.455688	-55.237625
1127.801514	-55.083828
1129.147339	-54.904198
1130.493164	-54.682785
1131.838989	-54.449120
1133.184814	-54.167198
1134.530640	-53.848972
1135.876465	-53.508995
1137.222290	-53.141647
1138.568115	-52.745872
1139.913940	-52.354786
1141.259766	-51.985954
1142.605591	-51.640461
1143.951416	-51.343159
1145.297241	-51.095951
1146.643066	-50.917381
1147.988892	-50.810123
1149.334717	-50.776497
1150.680542	-50.807220
1152.026367	-50.897854
1153.372192	-51.039482
1154.718018	-51.224007
1156.063843	-51.448181
1157.409668	-51.707081
1158.755493	-51.994740
1160.101318	-52.299805
1161.447144	-52.622154
1162.792969	-52.960293
1164.138794	-53.310623
1165.484619	-53.677128
1166.830444	-54.052925
1168.176270	-54.441074
1169.522095	-54.841858
1170.867920	-55.247623
1172.213745	-55.659515
1173.559570	-56.072933
1174.905396	-56.501110
1176.251221	-56.946098
1177.597046	-57.377831
1178.942871	-57.822109
1180.288696	-58.274841
1181.634521	-58.728603
1182.980347	-59.174908
1184.326172	-59.618591
1185.671997	-60.062328
1187.017822	-60.507607
1188.363647	-60.925911
1189.709473	-61.329906
1191.055298	-61.733891
1192.401123	-62.069199
1193.746948	-62.376057
1195.092773	-62.659801
1196.438599	-62.866776
1197.784424	-63.070969
1199.130249	-63.221451
1200.476074	-63.296295
1201.821899	-63.375057
1203.167725	-63.391033
1204.513550	-63.375690
1205.859375	-63.344673
1207.205200	-63.271717
1208.551025	-63.204132
1209.896851	-63.092110
1211.242676	-63.007168
1212.588501	-62.936005
1213.934326	-62.843891
1215.280151	-62.771996
1216.625977	-62.707005
1217.971802	-62.637161
1219.317627	-62.590721
1220.663452	-62.572884
1222.009277	-62.558014
1223.355103	-62.548378
1224.700928	-62.559799
1226.046753	-62.605473
1227.392578	-62.660400
1228.738403	-62.726807
1230.084229	-62.811714
1231.430054	-62.912479
1232.775879	-63.032661
1234.121704	-63.180683
1235.467529	-63.351185
1236.813354	-63.520599
1238.159180	-63.697628
1239.505005	-63.904682
1240.850830	-64.134094
1242.196655	-64.362259
1243.542480	-64.589813
1244.888306	-64.840462
1246.234131	-65.119331
1247.579956	-65.362343
1248.925781	-65.635986
1250.271606	-65.890434
1251.617432	-66.085243
1252.963257	-66.274460
1254.309082	-66.465446
1255.654907	-66.622421
1257.000732	-66.740044
1258.346558	-66.813286
1259.692383	-66.870468
1261.038208	-66.822350
1262.384033	-66.827621
1263.729858	-66.736763
1265.075684	-66.581688
1266.421509	-66.452171
1267.767334	-66.258171
1269.113159	-66.095894
1270.458984	-65.918869
1271.804810	-65.718422
1273.150635	-65.520256
1274.496460	-65.337715
1275.842285	-65.157829
1277.188110	-64.983986
1278.533936	-64.813583
1279.879761	-64.681297
1281.225586	-64.568001
1282.571411	-64.454231
1283.917236	-64.361641
1285.263062	-64.287437
1286.608887	-64.229828
1287.954712	-64.193352
1289.300537	-64.171410
1290.646362	-64.164955
1291.992188	-64.176826
1293.338013	-64.214363
1294.683838	-64.262665
1296.029663	-64.323204
1297.375488	-64.413513
1298.721313	-64.523056
1300.067139	-64.645264
1301.412964	-64.779282
1302.758789	-64.923073
1304.104614	-65.080345
1305.450439	-65.277626
1306.796265	-65.441986
1308.142090	-65.617821
1309.487915	-65.824417
1310.833740	-65.999275
1312.179565	-66.154793
1313.525391	-66.283333
1314.871216	-66.411530
1316.217041	-66.518433
1317.562866	-66.578125
1318.908691	-66.601738
1320.254517	-66.597916
1321.600342	-66.529610
1322.946167	-66.428513
1324.291992	-66.293167
1325.637817	-66.117493
1326.983643	-65.916794
1328.329468	-65.653107
1329.675293	-65.385330
1331.021118	-65.119644
1332.366943	-64.855431
1333.712769	-64.567818
1335.058594	-64.279961
1336.404419	-64.014236
1337.750244	-63.747955
1339.096069	-63.489052
1340.441895	-63.244366
1341.787720	-63.007988
1343.133545	-62.792404
1344.479370	-62.593082
1345.825195	-62.409412
1347.171021	-62.245090
1348.516846	-62.095181
1349.862671	-61.955608
1351.208496	-61.834953
1352.554321	-61.738556
1353.900146	-61.662498
1355.245972	-61.600708
1356.591797	-61.555744
1357.937622	-61.522057
1359.283447	-61.507103
1360.629272	-61.524193
1361.975098	-61.544498
1363.320923	-61.567596
1364.666748	-61.616451
1366.012573	-61.650341
1367.358398	-61.692650
1368.704224	-61.755764
1370.050049	-61.841473
1371.395874	-61.900459
1372.741699	-61.934414
1374.087524	-61.965561
1375.433350	-61.986065
1376.779175	-61.972630
1378.125000	-61.911777
1379.470825	-61.819038
1380.816650	-61.662663
1382.162476	-61.496605
1383.508301	-61.276325
1384.854126	-60.998653
1386.199951	-60.664711
1387.545776	-60.327793
1388.891602	-59.942585
1390.237427	-59.525642
1391.583252	-59.101215
1392.929077	-58.637859
1394.274902	-58.169861
1395.620728	-57.707436
1396.966553	-57.244850
1398.312378	-56.767838
1399.658203	-56.289509
1401.004028	-55.829720
1402.349854	-55.377308
1403.695679	-54.927673
1405.041504	-54.487022
1406.387329	-54.062229
1407.733154	-53.652027
1409.078979	-53.250919
1410.424805	-52.852875
1411.770630	-52.464851
1413.116455	-52.087456
1414.462280	-51.724178
1415.808105	-51.380028
1417.153931	-51.052406
1418.499756	-50.737865
1419.845581	-50.440754
1421.191406	-50.170734
1422.537231	-49.925045
1423.883057	-49.707920
1425.228882	-49.527752
1426.574707	-49.382324
1427.920532	-49.291359
1429.266357	-49.250183
1430.612183	-49.247166
1431.958008	-49.322613
1433.303833	-49.456417
1434.649658	-49.636665
1435.995483	-49.866161
1437.341309	-50.147758
1438.687134	-50.447468
1440.032959	-50.786842
1441.378784	-51.115776
1442.724609	-51.448463
1444.070435	-51.779331
1445.416260	-52.096279
1446.762085	-52.372379
1448.107910	-52.647198
1449.453735	-52.882511
1450.799561	-53.097008
1452.145386	-53.298710
1453.491211	-53.477943
1454.837036	-53.638695
1456.182861	-53.793781
1457.528687	-53.939903
1458.874512	-54.071167
1460.220337	-54.209961
1461.566162	-54.359318
1462.911987	-54.507824
1464.257812	-54.656441
1465.603638	-54.808350
1466.949463	-54.978592
1468.295288	-55.159481
1469.641113	-55.352852
1470.986938	-55.552937
1472.332764	-55.754860
1473.678589	-55.975536
1475.024414	-56.213623
1476.370239	-56.463837
1477.716064	-56.720573
1479.061890	-56.987217
1480.407715	-57.279446
1481.753540	-57.584393
1483.099365	-57.890533
1484.445190	-58.213428
1485.791016	-58.557644
1487.136841	-58.903187
1488.482666	-59.240047
1489.828491	-59.608288
1491.174316	-59.982517
1492.520142	-60.343754
1493.865967	-60.704594
1495.211792	-61.054745
1496.557617	-61.378834
1497.903442	-61.699726
1499.249268	-61.986526
1500.595093	-62.265091
1501.940918	-62.476868
1503.286743	-62.657757
1504.632568	-62.794083
1505.978394	-62.879410
1507.324219	-62.937801
1508.670044	-62.961979
1510.015869	-62.928337
1511.361694	-62.851116
1512.707520	-62.781792
1514.053345	-62.671925
1515.399170	-62.544422
1516.744995	-62.412510
1518.090820	-62.295231
1519.436646	-62.173679
1520.782471	-62.059685
1522.128296	-61.946945
1523.474121	-61.840019
1524.819946	-61.755402
1526.165771	-61.683075
1527.511597	-61.610592
1528.857422	-61.557133
1530.203247	-61.537640
1531.549072	-61.532021
1532.894897	-61.542767
1534.240723	-61.563339
1535.586548	-61.596252
1536.932373	-61.649899
1538.278198	-61.739662
1539.624023	-61.841145
1540.969849	-61.951843
1542.315674	-62.097107
1543.661499	-62.247078
1545.007324	-62.407040
1546.353149	-62.582474
1547.698975	-62.784908
1549.044800	-63.000648
1550.390625	-63.206585
1551.736450	-63.422176
1553.082275	-63.663994
1554.428101	-63.898491
1555.773926	-64.123230
1557.119751	-64.335091
1558.465576	-64.552399
1559.811401	-64.751358
1561.157227	-64.920219
1562.503052	-65.029564
1563.848877	-65.130966
1565.194702	-65.212830
1566.540527	-65.201508
1567.886353	-65.168694
1569.232178	-65.091866
1570.578003	-64.996185
1571.923828	-64.839241
1573.269653	-64.677895
1574.615479	-64.476837
1575.961304	-64.262772
1577.307129	-64.059052
1578.652954	-63.823063
1579.998779	-63.601513
1581.344604	-63.390408
1582.690430	-63.177788
1584.036255	-62.961407
1585.382080	-62.770069
1586.727905	-62.603558
1588.073730	-62.443413
1589.419556	-62.293877
1590.765381	-62.169189
1592.111206	-62.056435
1593.457031	-61.964619
1594.802856	-61.897961
1596.148682	-61.841599
1597.494507	-61.802113
1598.840332	-61.791294
1600.186157	-61.797962
1601.531982	-61.810780
1602.877808	-61.845165
1604.223633	-61.898949
1605.569458	-61.962528
1606.915283	-62.058887
1608.261108	-62.168339
1609.606934	-62.291943
1610.952759	-62.416763
1612.298584	-62.546711
1613.644409	-62.680981
1614.990234	-62.832233
1616.336060	-62.996189
1617.681885	-63.130173
1619.027710	-63.265354
1620.373535	-63.388245
1621.719360	-63.467102
1623.065186	-63.526871
1624.411011	-63.556519
1625.756836	-63.537868
1627.102661	-63.506721
1628.448486	-63.395485
1629.794312	-63.256157
1631.140137	-63.080994
1632.485962	-62.853069
1633.831787	-62.619099
1635.177612	-62.339203
1636.523438	-62.034798
1637.869263	-61.738178
1639.215088	-61.418076
1640.560913	-61.104298
1641.906738	-60.783268
1643.252563	-60.476009
1644.598389	-60.169121
1645.944214	-59.865749
1647.290039	-59.570969
1648.635864	-59.303158
1649.981689	-59.047337
1651.327515	-58.794628
1652.673340	-58.558350
1654.019165	-58.344200
1655.364990	-58.151218
1656.710815	-57.968826
1658.056641	-57.808853
1659.402466	-57.666248
1660.748291	-57.535484
1662.094116	-57.424389
1663.439941	-57.330402
1664.785767	-57.240795
1666.131592	-57.175014
1667.477417	-57.126106
1668.823242	-57.088024
1670.169067	-57.059883
1671.514893	-57.037979
1672.860718	-57.020622
1674.206543	-57.003880
1675.552368	-57.000404
1676.898193	-56.994080
1678.244019	-56.985756
1679.589844	-56.961456
1680.935669	-56.910954
1682.281494	-56.843807
1683.627319	-56.739796
1684.973145	-56.601818
1686.318970	-56.423340
1687.664795	-56.188667
1689.010620	-55.912918
1690.356445	-55.582478
1691.702271	-55.209976
1693.048096	-54.770008
1694.393921	-54.303276
1695.739746	-53.809383
1697.085571	-53.268627
1698.431396	-52.713737
1699.777222	-52.130589
1701.123047	-51.538113
1702.468872	-50.945564
1703.814697	-50.357723
1705.160522	-49.774899
1706.506348	-49.194382
1707.852173	-48.627670
1709.197998	-48.084522
1710.543823	-47.570477
1711.889648	-47.091999
1713.235474	-46.653820
1714.581299	-46.267933
1715.927124	-45.947182
1717.272949	-45.692474
1718.618774	-45.511013
1719.964600	-45.415749
1721.310425	-45.408714
1722.656250	-45.484081
1724.002075	-45.642654
1725.347900	-45.884457
1726.693726	-46.203014
1728.039551	-46.578327
1729.385376	-47.003864
1730.731201	-47.478260
1732.077026	-47.985790
1733.422852	-48.519764
1734.768677	-49.069263
1736.114502	-49.636845
1737.460327	-50.207851
1738.806152	-50.779243
1740.151978	-51.345142
1741.497803	-51.889557
1742.843628	-52.408154
1744.189453	-52.910461
1745.535278	-53.378403
1746.881104	-53.802887
1748.226929	-54.181202
1749.572754	-54.520050
1750.918579	-54.799965
1752.264404	-55.042286
1753.610229	-55.232300
1754.956055	-55.368423
1756.301880	-55.483711
1757.647705	-55.573204
1758.993530	-55.625935
1760.339355	-55.661469
1761.685181	-55.674480
1763.031006	-55.689205
1764.376831	-55.703415
1765.722656	-55.713001
1767.068481	-55.727524
1768.414307	-55.741142
1769.760132	-55.767281
1771.105957	-55.803963
1772.451782	-55.853134
1773.797607	-55.921333
1775.143433	-56.014362
1776.489258	-56.107243
1777.835083	-56.187664
1779.180908	-56.296303
1780.526733	-56.434952
1781.872559	-56.582058
1783.218384	-56.748985
1784.564209	-56.933426
1785.910034	-57.130348
1787.255859	-57.345406
1788.601685	-57.578629
1789.947510	-57.826515
1791.293335	-58.086338
1792.639160	-58.359467
1793.984985	-58.640488
1795.330811	-58.932335
1796.676636	-59.234230
1798.022461	-59.533566
1799.368286	-59.842636
1800.714111	-60.137878
1802.059937	-60.436535
1803.405762	-60.727036
1804.751587	-60.997684
1806.097412	-61.240231
1807.443237	-61.455788
1808.789062	-61.629635
1810.134888	-61.765045
1811.480713	-61.860661
1812.826538	-61.920105
1814.172363	-61.936718
1815.518188	-61.894726
1816.864014	-61.817360
1818.209839	-61.713276
1819.555664	-61.598713
1820.901489	-61.466213
1822.247314	-61.297813
1823.593140	-61.152313
1824.938965	-60.988663
1826.284790	-60.831055
1827.630615	-60.663300
1828.976440	-60.512070
1830.322266	-60.388023
1831.668091	-60.255741
1833.013916	-60.140560
1834.359741	-60.054737
1835.705566	-59.975922
1837.051392	-59.909821
1838.397217	-59.866199
1839.743042	-59.842354
1841.088867	-59.836899
1842.434692	-59.845852
1843.780518	-59.882164
1845.126343	-59.939934
1846.472168	-60.005413
1847.817993	-60.088558
1849.163818	-60.190861
1850.509644	-60.302250
1851.855469	-60.435326
1853.201294	-60.582256
1854.547119	-60.740974
1855.892944	-60.927509
1857.238770	-61.126144
1858.584595	-61.309338
1859.930420	-61.516785
1861.276245	-61.735310
1862.622070	-61.922028
1863.967896	-62.126358
1865.313721	-62.306038
1866.659546	-62.459999
1868.005371	-62.599239
1869.351196	-62.711132
1870.697021	-62.768791
1872.042847	-62.784470
1873.388672	-62.777473
1874.734497	-62.716061
1876.080322	-62.611217
1877.426147	-62.479168
1878.771973	-62.305683
1880.117798	-62.101204
1881.463623	-61.889462
1882.809448	-61.647945
1884.155273	-61.398190
1885.501099	-61.146313
1886.846924	-60.890598
1888.192749	-60.636482
1889.538574	-60.394913
1890.884399	-60.164417
1892.230225	-59.944435
1893.576050	-59.738476
1894.921875	-59.550056
1896.267700	-59.375237
1897.613525	-59.208614
1898.959351	-59.067314
1900.305176	-58.944832
1901.651001	-58.835724
1902.996826	-58.746849
1904.342651	-58.682819
1905.688477	-58.638424
1907.034302	-58.607670
1908.380127	-58.593250
1909.725952	-58.592400
1911.071777	-58.616547
1912.417603	-58.654358
1913.763428	-58.697769
1915.109253	-58.764301
1916.455078	-58.844772
1917.800903	-58.950081
1919.146729	-59.060089
1920.492554	-59.153645
1921.838379	-59.269485
1923.184204	-59.387367
1924.530029	-59.474907
1925.875854	-59.572014
1927.221680	-59.653847
1928.567505	-59.701767
1929.913330	-59.726650
1931.259155	-59.708298
1932.604980	-59.664829
1933.950806	-59.577267
1935.296631	-59.436123
1936.642456	-59.243656
1937.988281	-59.043243
1939.334106	-58.771271
1940.679932	-58.468670
1942.025757	-58.147392
1943.371582	-57.804111
1944.717407	-57.445751
1946.063232	-57.080883
1947.409058	-56.711884
1948.754883	-56.332123
1950.100708	-55.957909
1951.446533	-55.592121
1952.792358	-55.227913
1954.138184	-54.882980
1955.484009	-54.551689
1956.829834	-54.224327
1958.175659	-53.909851
1959.521484	-53.607616
1960.867310	-53.326050
1962.213135	-53.059540
1963.558960	-52.803715
1964.904785	-52.564693
1966.250610	-52.338406
1967.596436	-52.124100
1968.942261	-51.928055
1970.288086	-51.746162
1971.633911	-51.574173
1972.979736	-51.412941
1974.325562	-51.263393
1975.671387	-51.126122
1977.017212	-50.990997
1978.363037	-50.867504
1979.708862	-50.750751
1981.054688	-50.630428
1982.400513	-50.511471
1983.746338	-50.380844
1985.092163	-50.245621
1986.437988	-50.089714
1987.783813	-49.920006
1989.129639	-49.725124
1990.475464	-49.495274
1991.821289	-49.226604
1993.167114	-48.917549
1994.512939	-48.563396
1995.858765	-48.166065
1997.204590	-47.738663
1998.550415	-47.288223
1999.896240	-46.816647
2001.242065	-46.352104
2002.587891	-45.902657
2003.933716	-45.484585
2005.279541	-45.118221
2006.625366	-44.814705
2007.971191	-44.574829
2009.317017	-44.414322
2010.662842	-44.328934
2012.008667	-44.311352
2013.354492	-44.362957
2014.700317	-44.471088
2016.046143	-44.624599
2017.391968	-44.819759
2018.737793	-45.054417
2020.083618	-45.320015
2021.429443	-45.611229
2022.775269	-45.922714
2024.121094	-46.250824
2025.466919	-46.593033
2026.812744	-46.947239
2028.158569	-47.315739
2029.504395	-47.696949
2030.850220	-48.090633
2032.196045	-48.493511
2033.541870	-48.901806
2034.887695	-49.323849
2036.233521	-49.757175
2037.579346	-50.195881
2038.925171	-50.638214
2040.270996	-51.087791
2041.616821	-51.542072
2042.962646	-51.991333
2044.308472	-52.442226
2045.654297	-52.897686
2047.000122	-53.326256
2048.345947	-53.745083
2049.691772	-54.152931
2051.037598	-54.517338
2052.383423	-54.864845
2053.729248	-55.178925
2055.075073	-55.434162
2056.420898	-55.651482
2057.766724	-55.827560
2059.112549	-55.956375
2060.458374	-56.046757
2061.804199	-56.080009
2063.150024	-56.092243
2064.495850	-56.080574
2065.841675	-56.036034
2067.187500	-55.976830
2068.533325	-55.904083
2069.879150	-55.830490
2071.224976	-55.751221
2072.570801	-55.675793
2073.916626	-55.604252
2075.262451	-55.549755
2076.608276	-55.498718
2077.954102	-55.457291
2079.299927	-55.432499
2080.645752	-55.423031
2081.991577	-55.427319
2083.337402	-55.449615
2084.683228	-55.489975
2086.029053	-55.544964
2087.374878	-55.616337
2088.720703	-55.706627
2090.066528	-55.813652
2091.412354	-55.934776
2092.758179	-56.080322
2094.104004	-56.247120
2095.449829	-56.428032
2096.795654	-56.617424
2098.141479	-56.825596
2099.487305	-57.053093
2100.833130	-57.284348
2102.178955	-57.526428
2103.524780	-57.776356
2104.870605	-58.040558
2106.216431	-58.310970
2107.562256	-58.571663
2108.908081	-58.829510
2110.253906	-59.066032
2111.599731	-59.301109
2112.945557	-59.505314
2114.291382	-59.666702
2115.637207	-59.802601
2116.983032	-59.911797
2118.328857	-59.972496
2119.674683	-59.977856
2121.020508	-59.954044
2122.366333	-59.893425
2123.712158	-59.784084
2125.057983	-59.653934
2126.403809	-59.497101
2127.749634	-59.319405
2129.095459	-59.135166
2130.441284	-58.938168
2131.787109	-58.731953
2133.132935	-58.537697
2134.478760	-58.349487
2135.824585	-58.166527
2137.170410	-57.998569
2138.516235	-57.841621
2139.862061	-57.700005
2141.207886	-57.572166
2142.553711	-57.459885
2143.899536	-57.366512
2145.245361	-57.292835
2146.591187	-57.239914
2147.937012	-57.202694
2149.282837	-57.183754
2150.628662	-57.186573
2151.974487	-57.206684
2153.320312	-57.238632
2154.666138	-57.290066
2156.011963	-57.368637
2157.357788	-57.460957
2158.703613	-57.567295
2160.049438	-57.685829
2161.395264	-57.820320
2162.741089	-57.969551
2164.086914	-58.131184
2165.432739	-58.304184
2166.778564	-58.475830
2168.124390	-58.643585
2169.470215	-58.820377
2170.816040	-58.980446
2172.161865	-59.137405
2173.507690	-59.263588
2174.853516	-59.367970
2176.199341	-59.442783
2177.545166	-59.489384
2178.890991	-59.473476
2180.236816	-59.426411
2181.582642	-59.346756
2182.928467	-59.206886
2184.274292	-59.044132
2185.620117	-58.823299
2186.965942	-58.599644
2188.311768	-58.343548
2189.657593	-58.074303
2191.003418	-57.795094
2192.349243	-57.510792
2193.695068	-57.223061
2195.040894	-56.949360
2196.386719	-56.672516
2197.732544	-56.409649
2199.078369	-56.148243
2200.424194	-55.902561
2201.770020	-55.678379
2203.115845	-55.465279
2204.461670	-55.264587
2205.807495	-55.087002
2207.153320	-54.927799
2208.499146	-54.786530
2209.844971	-54.664310
2211.190796	-54.558178
2212.536621	-54.469456
2213.882446	-54.391438
2215.228271	-54.329235
2216.574097	-54.289040
2217.919922	-54.266972
2219.265747	-54.262970
2220.611572	-54.270264
2221.957397	-54.289257
2223.303223	-54.323116
2224.649048	-54.371441
2225.994873	-54.424915
2227.340698	-54.481335
2228.686523	-54.538143
2230.032349	-54.598812
2231.378174	-54.634480
2232.723999	-54.673519
2234.069824	-54.694000
2235.415649	-54.689079
2236.761475	-54.647148
2238.107300	-54.570583
2239.453125	-54.458702
2240.798950	-54.296585
2242.144775	-54.086231
2243.490601	-53.826538
2244.836426	-53.535580
2246.182251	-53.183414
2247.528076	-52.816975
2248.873901	-52.419102
2250.219727	-51.983513
2251.565552	-51.531494
2252.911377	-51.081249
2254.257202	-50.615490
2255.603027	-50.136650
2256.948853	-49.672241
2258.294678	-49.206341
2259.640503	-48.744656
2260.986328	-48.291096
2262.332153	-47.842224
2263.677979	-47.404167
2265.023804	-46.980003
2266.369629	-46.564323
2267.715454	-46.161827
2269.061279	-45.776752
2270.407104	-45.400227
2271.752930	-45.035122
2273.098755	-44.690773
2274.444580	-44.364025
2275.790405	-44.052189
2277.136230	-43.759773
2278.482056	-43.491085
2279.827881	-43.250477
2281.173706	-43.038143
2282.519531	-42.857330
2283.865356	-42.718071
2285.211182	-42.615398
2286.557007	-42.552807
2287.902832	-42.546757
2289.248657	-42.590496
2290.594482	-42.686066
2291.940308	-42.831135
2293.286133	-43.018684
2294.631958	-43.252468
2295.977783	-43.516979
2297.323608	-43.803123
2298.669434	-44.118874
2300.015259	-44.425850
2301.361084	-44.733875
2302.706909	-45.033035
2304.052734	-45.303013
2305.398560	-45.558723
2306.744385	-45.788460
2308.090210	-46.002953
2309.436035	-46.185989
2310.781860	-46.349304
2312.127686	-46.491608
2313.473511	-46.632088
2314.819336	-46.753372
2316.165161	-46.871029
2317.510986	-46.985691
2318.856812	-47.102814
2320.202637	-47.219101
2321.548462	-47.337574
2322.894287	-47.464806
2324.240112	-47.601910
2325.585938	-47.744404
2326.931763	-47.894169
2328.277588	-48.060051
2329.623413	-48.238266
2330.969238	-48.427471
2332.315063	-48.628929
2333.660889	-48.840153
2335.006714	-49.067833
2336.352539	-49.312817
2337.698364	-49.565044
2339.044189	-49.826309
2340.390015	-50.113510
2341.735840	-50.412132
2343.081665	-50.718578
2344.427490	-51.038227
2345.773315	-51.371685
2347.119141	-51.707371
2348.464966	-52.049278
2349.810791	-52.404545
2351.156616	-52.755440
2352.502441	-53.107052
2353.848267	-53.448566
2355.194092	-53.782131
2356.539917	-54.097851
2357.885742	-54.384537
2359.231567	-54.658321
2360.577393	-54.879700
2361.923218	-55.076431
2363.269043	-55.213894
2364.614868	-55.326645
2365.960693	-55.384884
2367.306519	-55.408443
2368.652344	-55.385075
2369.998169	-55.334133
2371.343994	-55.253025
2372.689819	-55.149673
2374.035645	-55.028759
2375.381470	-54.902229
2376.727295	-54.772686
2378.073120	-54.636868
2379.418945	-54.506695
2380.764771	-54.389351
2382.110596	-54.276115
2383.456421	-54.180298
2384.802246	-54.095299
2386.148071	-54.021023
2387.493896	-53.964504
2388.839722	-53.926586
2390.185547	-53.901188
2391.531372	-53.895523
2392.877197	-53.908352
2394.223022	-53.941467
2395.568848	-53.994793
2396.914673	-54.064781
2398.260498	-54.148125
2399.606323	-54.251244
2400.952148	-54.376686
2402.297974	-54.520916
2403.643799	-54.679157
2404.989624	-54.851299
2406.335449	-55.037701
2407.681274	-55.240410
2409.027100	-55.454151
2410.372925	-55.673363
2411.718750	-55.901505
2413.064575	-56.136265
2414.410400	-56.364979
2415.756226	-56.588684
2417.102051	-56.797512
2418.447876	-56.995029
2419.793701	-57.168652
2421.139526	-57.319176
2422.485352	-57.422119
2423.831177	-57.493843
2425.177002	-57.523930
2426.522827	-57.514278
2427.868652	-57.461143
2429.214478	-57.365601
2430.560303	-57.225193
2431.906128	-57.066521
2433.251953	-56.875294
2434.597778	-56.679348
2435.943604	-56.465881
2437.289429	-56.239643
2438.635254	-56.006187
2439.981079	-55.785202
2441.326904	-55.568821
2442.672729	-55.355839
2444.018555	-55.161476
2445.364380	-54.978790
2446.710205	-54.805016
2448.056030	-54.650475
2449.401855	-54.516747
2450.747681	-54.395821
2452.093506	-54.293762
2453.439331	-54.208267
2454.785156	-54.138859
2456.130981	-54.092030
2457.476807	-54.062248
2458.822632	-54.051754
2460.168457	-54.062031
2461.514282	-54.090893
2462.860107	-54.132702
2464.205933	-54.189007
2465.551758	-54.266544
2466.897583	-54.362545
2468.243408	-54.471317
2469.589233	-54.590561
2470.935059	-54.722466
2472.280884	-54.859066
2473.626709	-55.000111
2474.972534	-55.148457
2476.318359	-55.293388
2477.664185	-55.415085
2479.010010	-55.541683
2480.355835	-55.636730
2481.701660	-55.707722
2483.047485	-55.748039
2484.393311	-55.757172
2485.739136	-55.717934
2487.084961	-55.643345
2488.430786	-55.519753
2489.776611	-55.352951
2491.122437	-55.149403
2492.468262	-54.906384
2493.814087	-54.639339
2495.159912	-54.352909
2496.505737	-54.044075
2497.851562	-53.728752
2499.197388	-53.407276
2500.543213	-53.081985
2501.889038	-52.759850
2503.234863	-52.442337
2504.580688	-52.138027
2505.926514	-51.838459
2507.272339	-51.558121
2508.618164	-51.286839
2509.963989	-51.030411
2511.309814	-50.787457
2512.655640	-50.562393
2514.001465	-50.358822
2515.347290	-50.169266
2516.693115	-49.991707
2518.038940	-49.831562
2519.384766	-49.692070
2520.730591	-49.568260
2522.076416	-49.460922
2523.422241	-49.369514
2524.768066	-49.293270
2526.113892	-49.231918
2527.459717	-49.179081
2528.805542	-49.142090
2530.151367	-49.115822
2531.497192	-49.099735
2532.843018	-49.083488
2534.188843	-49.077572
2535.534668	-49.066757
2536.880493	-49.052174
2538.226318	-49.034817
2539.572144	-48.996391
2540.917969	-48.928257
2542.263794	-48.845345
2543.609619	-48.725883
2544.955444	-48.562374
2546.301270	-48.350910
2547.647095	-48.088993
2548.992920	-47.793484
2550.338745	-47.438923
2551.684570	-47.033974
2553.030396	-46.591042
2554.376221	-46.107567
2555.722046	-45.609421
2557.067871	-45.069027
2558.413696	-44.511833
2559.759521	-43.956367
2561.105347	-43.397900
2562.451172	-42.830547
2563.796997	-42.279705
2565.142822	-41.748165
2566.488647	-41.234867
2567.834473	-40.739845
2569.180298	-40.281075
2570.526123	-39.866245
2571.871948	-39.493568
2573.217773	-39.178093
2574.563599	-38.922001
2575.909424	-38.727066
2577.255249	-38.601673
2578.601074	-38.550327
2579.946899	-38.572369
2581.292725	-38.664673
2582.638550	-38.824688
2583.984375	-39.052856
2585.330200	-39.338108
2586.676025	-39.670589
2588.021851	-40.054638
2589.367676	-40.477299
2590.713501	-40.931263
2592.059326	-41.410172
2593.405151	-41.908005
2594.750977	-42.419289
2596.096802	-42.935471
2597.442627	-43.464939
2598.788452	-43.986530
2600.134277	-44.494129
2601.480103	-44.979118
2602.825928	-45.452084
2604.171753	-45.895908
2605.517578	-46.308102
2606.863403	-46.660984
2608.209229	-46.987698
2609.555054	-47.268833
2610.900879	-47.494625
2612.246704	-47.669674
2613.592529	-47.813259
2614.938354	-47.916809
2616.284180	-47.984646
2617.630005	-48.031784
2618.975830	-48.049866
2620.321655	-48.051628
2621.667480	-48.047211
2623.013306	-48.045238
2624.359131	-48.034889
2625.704956	-48.027908
2627.050781	-48.026146
2628.396606	-48.032200
2629.742432	-48.049629
2631.088257	-48.078159
2632.434082	-48.114784
2633.779907	-48.166859
2635.125732	-48.237404
2636.471558	-48.324291
2637.817383	-48.424652
2639.163208	-48.538372
2640.509033	-48.671043
2641.854858	-48.822571
2643.200684	-48.987465
2644.546509	-49.169308
2645.892334	-49.367245
2647.238159	-49.581703
2648.583984	-49.811455
2649.929810	-50.055138
2651.275635	-50.320267
2652.621460	-50.590176
2653.967285	-50.872768
2655.313110	-51.161507
2656.658936	-51.460102
2658.004761	-51.759342
2659.350586	-52.055958
2660.696411	-52.353897
2662.042236	-52.648857
2663.388062	-52.918419
2664.733887	-53.157749
2666.079712	-53.380962
2667.425537	-53.577438
2668.771362	-53.724659
2670.117188	-53.830475
2671.463013	-53.891026
2672.808838	-53.926170
2674.154663	-53.902691
2675.500488	-53.846851
2676.846313	-53.760082
2678.192139	-53.646969
2679.537964	-53.511269
2680.883789	-53.358791
2682.229614	-53.194679
2683.575439	-53.029045
2684.921265	-52.862862
2686.267090	-52.705177
2687.612915	-52.551754
2688.958740	-52.407017
2690.304565	-52.272636
2691.650391	-52.155685
2692.996216	-52.052692
2694.342041	-51.966194
2695.687866	-51.898685
2697.033691	-51.847717
2698.379517	-51.814270
2699.725342	-51.797150
2701.071167	-51.800228
2702.416992	-51.822731
2703.762817	-51.863720
2705.108643	-51.922150
2706.454468	-51.999271
2707.800293	-52.093990
2709.146118	-52.207394
2710.491943	-52.339363
2711.837769	-52.489273
2713.183594	-52.651329
2714.529419	-52.822926
2715.875244	-53.005974
2717.221069	-53.198578
2718.566895	-53.399208
2719.912720	-53.607803
2721.258545	-53.814510
2722.604370	-54.010822
2723.950195	-54.204079
2725.296021	-54.367619
2726.641846	-54.512840
2727.987671	-54.633720
2729.333496	-54.717400
2730.679321	-54.758625
2732.025146	-54.764206
2733.370972	-54.727577
2734.716797	-54.644890
2736.062622	-54.528137
2737.408447	-54.365963
2738.754272	-54.180954
2740.100098	-53.971367
2741.445923	-53.737801
2742.791748	-53.497978
2744.137573	-53.247643
2745.483398	-52.989315
2746.829224	-52.740154
2748.175049	-52.501633
2749.520874	-52.265900
2750.866699	-52.040253
2752.212524	-51.827435
2753.558350	-51.631195
2754.904175	-51.447697
2756.250000	-51.279797
2757.595825	-51.134514
2758.941650	-51.008118
2760.287476	-50.895824
2761.633301	-50.800751
2762.979126	-50.724121
2764.324951	-50.664337
2765.670776	-50.627434
2767.016602	-50.607025
2768.362427	-50.602879
2769.708252	-50.617855
2771.054077	-50.650707
2772.399902	-50.697777
2773.745728	-50.761322
2775.091553	-50.838348
2776.437378	-50.928097
2777.783203	-51.031803
2779.129028	-51.139046
2780.474854	-51.244202
2781.820679	-51.354389
2783.166504	-51.466839
2784.512329	-51.563656
2785.858154	-51.648621
2787.203979	-51.711796
2788.549805	-51.751415
2789.895630	-51.750740
2791.241455	-51.728050
2792.587280	-51.646122
2793.933105	-51.525990
2795.278931	-51.371868
2796.624756	-51.177029
2797.970581	-50.910236
2799.316406	-50.642200
2800.662231	-50.332962
2802.008057	-49.997356
2803.353882	-49.646988
2804.699707	-49.280506
2806.045532	-48.911526
2807.391357	-48.542271
2808.737183	-48.167835
2810.083008	-47.802498
2811.428833	-47.446156
2812.774658	-47.097515
2814.120483	-46.760948
2815.466309	-46.435818
2816.812134	-46.123352
2818.157959	-45.826473
2819.503784	-45.542377
2820.849609	-45.274731
2822.195435	-45.023689
2823.541260	-44.787594
2824.887085	-44.566525
2826.232910	-44.358261
2827.578735	-44.162830
2828.924561	-43.985569
2830.270386	-43.824696
2831.616211	-43.677670
2832.962036	-43.541996
2834.307861	-43.414635
2835.653687	-43.299374
2836.999512	-43.197277
2838.345337	-43.102287
2839.691162	-43.010162
2841.036987	-42.918411
2842.382812	-42.829895
2843.728638	-42.737740
2845.074463	-42.632492
2846.420288	-42.514690
2847.766113	-42.377010
2849.111938	-42.213013
2850.457764	-42.014885
2851.803589	-41.795338
2853.149414	-41.525295
2854.495239	-41.225449
2855.841064	-40.890862
2857.186890	-40.531189
2858.532715	-40.152138
2859.878540	-39.774811
2861.224365	-39.393345
2862.570190	-39.033512
2863.916016	-38.705482
2865.261841	-38.411766
2866.607666	-38.170387
2867.953491	-37.980568
2869.299316	-37.846123
2870.645142	-37.762115
2871.990967	-37.735077
2873.336792	-37.755230
2874.682617	-37.822983
2876.028442	-37.931118
2877.374268	-38.077347
2878.720093	-38.260624
2880.065918	-38.470665
2881.411743	-38.703953
2882.757568	-38.961750
2884.103394	-39.241524
2885.449219	-39.544151
2886.795044	-39.862186
2888.140869	-40.192295
2889.486694	-40.541710
2890.832520	-40.905502
2892.178345	-41.281334
2893.524170	-41.673504
2894.869995	-42.071892
2896.215820	-42.483845
2897.561646	-42.905685
2898.907471	-43.332169
2900.253296	-43.770832
2901.599121	-44.204762
2902.944946	-44.639275
2904.290771	-45.077148
2905.636597	-45.512543
2906.982422	-45.923088
2908.328247	-46.321152
2909.674072	-46.706886
2911.019897	-47.049923
2912.365723	-47.367214
2913.711548	-47.644196
2915.057373	-47.884014
2916.403198	-48.066269
2917.749023	-48.213970
2919.094849	-48.315731
2920.440674	-48.373394
2921.786499	-48.388874
2923.132324	-48.383217
2924.478149	-48.351292
2925.823975	-48.299755
2927.169800	-48.229813
2928.515625	-48.159760
2929.861450	-48.076328
2931.207275	-48.002773
2932.553101	-47.930843
2933.898926	-47.867680
2935.244751	-47.810822
2936.590576	-47.768211
2937.936401	-47.739559
2939.282227	-47.723145
2940.628052	-47.725166
2941.973877	-47.742077
2943.319702	-47.776669
2944.665527	-47.828140
2946.011353	-47.897251
2947.357178	-47.982780
2948.703003	-48.086044
2950.048828	-48.207180
2951.394653	-48.345497
2952.740479	-48.501740
2954.086304	-48.675247
2955.432129	-48.865074
2956.777954	-49.071201
2958.123779	-49.293385
2959.469604	-49.527973
2960.815430	-49.771477
2962.161255	-50.023079
2963.507080	-50.289913
2964.852905	-50.556103
2966.198730	-50.823372
2967.544556	-51.084724
2968.890381	-51.339550
2970.236206	-51.576973
2971.582031	-51.795910
2972.927856	-51.989792
2974.273682	-52.148922
2975.619507	-52.266125
2976.965332	-52.348320
2978.311157	-52.383118
2979.656982	-52.379040
2981.002808	-52.333950
2982.348633	-52.250027
2983.694458	-52.134151
2985.040283	-51.991856
2986.386108	-51.826927
2987.731934	-51.649284
2989.077759	-51.461723
2990.423584	-51.267353
2991.769409	-51.077293
2993.115234	-50.891018
2994.461060	-50.710094
2995.806885	-50.541821
2997.152710	-50.381870
2998.498535	-50.237438
2999.844360	-50.109871
3001.190186	-49.998245
3002.536011	-49.904808
3003.881836	-49.827724
3005.227661	-49.769848
3006.573486	-49.730659
3007.919312	-49.709793
3009.265137	-49.705383
3010.610962	-49.719204
3011.956787	-49.753380
3013.302612	-49.807514
3014.648438	-49.879650
3015.994263	-49.970417
3017.340088	-50.077011
3018.685913	-50.197758
3020.031738	-50.336117
3021.377563	-50.485439
3022.723389	-50.649231
3024.069214	-50.822662
3025.415039	-50.995049
3026.760864	-51.176819
3028.106689	-51.357014
3029.452515	-51.533619
3030.798340	-51.699776
3032.144165	-51.846008
3033.489990	-51.970200
3034.835815	-52.061794
3036.181641	-52.126110
3037.527466	-52.142296
3038.873291	-52.123184
3040.219116	-52.061298
3041.564941	-51.958031
3042.910767	-51.813934
3044.256592	-51.621117
3045.602417	-51.415516
3046.948242	-51.178993
3048.294067	-50.926689
3049.639893	-50.659187
3050.985718	-50.383057
3052.331543	-50.102051
3053.677368	-49.826897
3055.023193	-49.559170
3056.369019	-49.292580
3057.714844	-49.044037
3059.060669	-48.807610
3060.406494	-48.580830
3061.752319	-48.368824
3063.098145	-48.175705
3064.443970	-48.002117
3065.789795	-47.842911
3067.135620	-47.703152
3068.481445	-47.579163
3069.827271	-47.474079
3071.173096	-47.387684
3072.518921	-47.318836
3073.864746	-47.267029
3075.210571	-47.232967
3076.556396	-47.214127
3077.902222	-47.217239
3079.248047	-47.231884
3080.593872	-47.262402
3081.939697	-47.305729
3083.285522	-47.361099
3084.631348	-47.423340
3085.977173	-47.494884
3087.322998	-47.569447
3088.668823	-47.644814
3090.014648	-47.716091
3091.360474	-47.773159
3092.706299	-47.816536
3094.052124	-47.838306
3095.397949	-47.832840
3096.743774	-47.796879
3098.089600	-47.725853
3099.435425	-47.589943
3100.781250	-47.433495
3102.127075	-47.221210
3103.472900	-46.971088
3104.818726	-46.654613
3106.164551	-46.337280
3107.510376	-45.971519
3108.856201	-45.576752
3110.202026	-45.171253
3111.547852	-44.753357
3112.893677	-44.323875
3114.239502	-43.885365
3115.585327	-43.461006
3116.931152	-43.031582
3118.276978	-42.613758
3119.622803	-42.203182
3120.968628	-41.792877
3122.314453	-41.404003
3123.660278	-41.031017
3125.006104	-40.668636
3126.351929	-40.321732
3127.697754	-39.989372
3129.043579	-39.676735
3130.389404	-39.382504
3131.735229	-39.104496
3133.081055	-38.844971
3134.426880	-38.606781
3135.772705	-38.394501
3137.118530	-38.203392
3138.464355	-38.034130
3139.810181	-37.897861
3141.156006	-37.786980
3142.501831	-37.703720
3143.847656	-37.652180
3145.193481	-37.636730
3146.539307	-37.650227
3147.885132	-37.696548
3149.230957	-37.780739
3150.576782	-37.885727
3151.922607	-38.021904
3153.268433	-38.174770
3154.614258	-38.356087
3155.960083	-38.548428
3157.305908	-38.736469
3158.651733	-38.933876
3159.997559	-39.119633
3161.343384	-39.305420
3162.689209	-39.468834
3164.035034	-39.621998
3165.380859	-39.751862
3166.726685	-39.873604
3168.072510	-39.987793
3169.418335	-40.077461
3170.764160	-40.162151
3172.109985	-40.245274
3173.455811	-40.317692
3174.801636	-40.395397
3176.147461	-40.474274
3177.493286	-40.555897
3178.839111	-40.646759
3180.184937	-40.744858
3181.530762	-40.854111
3182.876587	-40.968094
3184.222412	-41.095490
3185.568237	-41.239254
3186.914062	-41.393345
3188.259888	-41.559948
3189.605713	-41.743652
3190.951538	-41.942734
3192.297363	-42.152397
3193.643188	-42.376186
3194.989014	-42.616264
3196.334839	-42.869274
3197.680664	-43.141052
3199.026489	-43.428524
3200.372314	-43.723148
3201.718140	-44.032570
3203.063965	-44.360081
3204.409790	-44.700340
3205.755615	-45.043602
3207.101440	-45.395969
3208.447266	-45.756504
3209.793091	-46.112988
3211.138916	-46.485416
3212.484741	-46.845798
3213.830566	-47.193874
3215.176392	-47.530983
3216.522217	-47.834301
3217.868042	-48.144012
3219.213867	-48.392921
3220.559692	-48.618095
3221.905518	-48.794716
3223.251343	-48.934025
3224.597168	-49.026363
3225.942993	-49.083012
3227.288818	-49.082417
3228.634644	-49.061501
3229.980469	-49.005478
3231.326294	-48.928455
3232.672119	-48.832317
3234.017944	-48.721630
3235.363770	-48.602455
3236.709595	-48.483803
3238.055420	-48.367367
3239.401245	-48.258064
3240.747070	-48.153656
3242.092896	-48.062466
3243.438721	-47.984413
3244.784546	-47.919182
3246.130371	-47.868996
3247.476196	-47.837364
3248.822021	-47.820152
3250.167847	-47.820610
3251.513672	-47.841473
3252.859497	-47.878117
3254.205322	-47.933708
3255.551147	-48.009197
3256.896973	-48.103107
3258.242798	-48.213577
3259.588623	-48.342339
3260.934448	-48.488983
3262.280273	-48.652317
3263.626099	-48.831436
3264.971924	-49.025990
3266.317749	-49.236980
3267.663574	-49.459480
3269.009399	-49.688232
3270.355225	-49.924633
3271.701050	-50.168682
3273.046875	-50.414593
3274.392700	-50.657059
3275.738525	-50.889099
3277.084351	-51.104771
3278.430176	-51.302868
3279.776001	-51.472885
3281.121826	-51.611691
3282.467651	-51.716480
3283.813477	-51.773720
3285.159302	-51.790161
3286.505127	-51.769440
3287.850952	-51.709084
3289.196777	-51.604156
3290.542603	-51.470016
3291.888428	-51.303452
3293.234253	-51.123920
3294.580078	-50.926052
3295.925903	-50.721195
3297.271729	-50.507629
3298.617554	-50.294491
3299.963379	-50.091091
3301.309204	-49.893551
3302.655029	-49.706264
3304.000854	-49.529263
3305.346680	-49.366562
3306.692505	-49.220131
3308.038330	-49.089680
3309.384155	-48.975300
3310.729980	-48.878990
3312.075806	-48.802799
3313.421631	-48.744205
3314.767456	-48.703850
3316.113281	-48.682487
3317.459106	-48.680832
3318.804932	-48.696129
3320.150757	-48.730892
3321.496582	-48.785408
3322.842407	-48.855873
3324.188232	-48.941597
3325.534058	-49.045120
3326.879883	-49.163342
3328.225708	-49.294552
3329.571533	-49.438892
3330.917358	-49.590912
3332.263184	-49.747200
3333.609009	-49.905853
3334.954834	-50.066223
3336.300659	-50.222809
3337.646484	-50.366562
3338.992310	-50.495281
3340.338135	-50.589619
3341.683960	-50.666271
3343.029785	-50.712372
3344.375610	-50.709934
3345.721436	-50.664410
3347.067261	-50.584385
3348.413086	-50.455006
3349.758911	-50.291096
3351.104736	-50.080143
3352.450562	-49.848789
3353.796387	-49.589046
3355.142212	-49.303284
3356.488037	-49.014938
3357.833862	-48.713238
3359.179688	-48.411423
3360.525513	-48.104557
3361.871338	-47.810863
3363.217163	-47.521427
3364.562988	-47.237495
3365.908813	-46.971355
3367.254639	-46.717346
3368.600464	-46.475239
3369.946289	-46.254223
3371.292114	-46.047371
3372.637939	-45.852470
3373.983765	-45.680218
3375.329590	-45.522606
3376.675415	-45.384422
3378.021240	-45.262264
3379.367065	-45.156231
3380.712891	-45.067070
3382.058716	-44.995979
3383.404541	-44.939857
3384.750366	-44.901089
3386.096191	-44.875225
3387.442017	-44.861382
3388.787842	-44.864479
3390.133667	-44.873676
3391.479492	-44.895985
3392.825317	-44.915356
3394.171143	-44.938316
3395.516968	-44.965282
3396.862793	-44.988956
3398.208618	-44.993435
3399.554443	-44.983818
3400.900269	-44.948914
3402.246094	-44.882000
3403.591919	-44.793812
3404.937744	-44.654110
3406.283569	-44.453850
3407.629395	-44.229427
3408.975220	-43.952965
3410.321045	-43.619087
3411.666870	-43.260532
3413.012695	-42.843548
3414.358521	-42.414612
3415.704346	-41.963951
3417.050171	-41.477787
3418.395996	-40.992790
3419.741821	-40.503548
3421.087646	-40.014244
3422.433472	-39.525711
3423.779297	-39.056080
3425.125122	-38.604652
3426.470947	-38.167206
3427.816772	-37.751736
3429.162598	-37.367001
3430.508423	-37.018913
3431.854248	-36.707275
3433.200073	-36.436405
3434.545898	-36.211121
3435.891724	-36.036251
3437.237549	-35.909210
3438.583374	-35.834209
3439.929199	-35.818161
3441.275024	-35.857933
3442.620850	-35.954525
3443.966675	-36.112637
3445.312500	-36.321106
3446.658325	-36.572838
3448.004150	-36.871925
3449.349976	-37.217930
3450.695801	-37.598354
3452.041626	-38.007870
3453.387451	-38.438595
3454.733276	-38.882748
3456.079102	-39.360477
3457.424927	-39.839172
3458.770752	-40.306728
3460.116577	-40.777485
3461.462402	-41.221165
3462.808228	-41.653515
3464.154053	-42.067314
3465.499878	-42.435184
3466.845703	-42.766510
3468.191528	-43.060383
3469.537354	-43.310165
3470.883179	-43.514019
3472.229004	-43.675434
3473.574829	-43.788525
3474.920654	-43.893600
3476.266479	-43.954720
3477.612305	-43.995869
3478.958130	-44.022179
3480.303955	-44.038677
3481.649780	-44.048775
3482.995605	-44.052082
3484.341431	-44.063004
3485.687256	-44.077740
3487.033081	-44.101788
3488.378906	-44.128422
3489.724731	-44.168190
3491.070557	-44.225082
3492.416382	-44.295856
3493.762207	-44.375992
3495.108032	-44.472301
3496.453857	-44.588577
3497.799683	-44.715702
3499.145508	-44.861713
3500.491333	-45.024891
3501.837158	-45.202412
3503.182983	-45.397850
3504.528809	-45.609245
3505.874634	-45.836117
3507.220459	-46.079712
3508.566284	-46.338795
3509.912109	-46.610550
3511.257935	-46.897903
3512.603760	-47.194511
3513.949585	-47.505150
3515.295410	-47.814270
3516.641235	-48.134689
3517.987061	-48.458298
3519.332886	-48.774994
3520.678711	-49.088280
3522.024536	-49.381142
3523.370361	-49.657875
3524.716187	-49.911510
3526.062012	-50.137775
3527.407837	-50.322163
3528.753662	-50.474915
3530.099487	-50.574997
3531.445312	-50.635818
3532.791138	-50.660023
3534.136963	-50.631199
3535.482788	-50.578472
3536.828613	-50.492725
3538.174438	-50.383156
3539.520264	-50.255730
3540.866089	-50.118004
3542.211914	-49.971924
3543.557739	-49.822659
3544.903564	-49.679085
3546.249390	-49.538815
3547.595215	-49.409431
3548.941040	-49.289032
3550.286865	-49.182175
3551.632690	-49.090736
3552.978516	-49.015488
3554.324341	-48.955975
3555.670166	-48.911861
3557.015991	-48.886639
3558.361816	-48.883129
3559.707642	-48.896927
3561.053467	-48.927994
3562.399292	-48.976898
3563.745117	-49.045544
3565.090942	-49.132153
3566.436768	-49.236179
3567.782593	-49.358173
3569.128418	-49.498249
3570.474243	-49.655556
3571.820068	-49.826740
3573.165894	-50.016380
3574.511719	-50.215763
3575.857544	-50.423828
3577.203369	-50.640560
3578.549194	-50.857521
3579.895020	-51.080505
3581.240845	-51.304188
3582.586670	-51.511391
3583.932495	-51.708736
3585.278320	-51.879978
3586.624146	-52.036861
3587.969971	-52.152508
3589.315796	-52.230263
3590.661621	-52.268776
3592.007446	-52.266159
3593.353271	-52.223942
3594.699097	-52.142303
3596.044922	-52.012569
3597.390747	-51.861156
3598.736572	-51.675529
3600.082397	-51.473835
3601.428223	-51.252811
3602.774048	-51.021687
3604.119873	-50.785759
3605.465698	-50.554436
3606.811523	-50.325935
3608.157349	-50.106075
3609.503174	-49.893139
3610.848999	-49.694237
3612.194824	-49.508133
3613.540649	-49.337067
3614.886475	-49.180698
3616.232300	-49.041615
3617.578125	-48.922638
3618.923950	-48.821171
3620.269775	-48.735249
3621.615601	-48.670609
3622.961426	-48.623974
3624.307251	-48.595272
3625.653076	-48.584362
3626.998901	-48.591827
3628.344727	-48.617619
3629.690552	-48.661392
3631.036377	-48.722553
3632.382202	-48.799213
3633.728027	-48.886715
3635.073853	-48.989021
3636.419678	-49.103466
3637.765503	-49.226353
3639.111328	-49.351810
3640.457153	-49.484592
3641.802979	-49.611042
3643.148804	-49.738510
3644.494629	-49.849705
3645.840454	-49.945236
3647.186279	-50.017628
3648.532104	-50.058018
3649.877930	-50.062988
3651.223755	-50.029808
3652.569580	-49.951122
3653.915405	-49.829723
3655.261230	-49.667580
3656.607056	-49.458874
3657.952881	-49.213791
3659.298706	-48.938351
3660.644531	-48.642830
3661.990356	-48.315937
3663.336182	-47.978413
3664.682007	-47.638386
3666.027832	-47.283627
3667.373657	-46.940903
3668.719482	-46.597023
3670.065308	-46.255333
3671.411133	-45.930790
3672.756958	-45.608337
3674.102783	-45.304905
3675.448608	-45.012138
3676.794434	-44.730328
3678.140259	-44.472687
3679.486084	-44.224953
3680.831909	-43.990211
3682.177734	-43.773567
3683.523560	-43.575279
3684.869385	-43.393486
3686.215210	-43.223591
3687.561035	-43.069298
3688.906860	-42.932034
3690.252686	-42.811016
3691.598511	-42.704460
3692.944336	-42.607986
3694.290161	-42.524609
3695.635986	-42.454300
3696.981812	-42.399628
3698.327637	-42.341278
3699.673462	-42.294537
3701.019287	-42.250343
3702.365112	-42.199993
3703.710938	-42.146236
3705.056763	-42.091209
3706.402588	-42.008354
3707.748413	-41.906162
3709.094238	-41.777882
3710.440063	-41.617790
3711.785889	-41.426426
3713.131714	-41.195755
3714.477539	-40.925827
3715.823364	-40.630066
3717.169189	-40.297047
3718.515015	-39.971115
3719.860840	-39.609425
3721.206665	-39.259808
3722.552490	-38.926838
3723.898315	-38.618824
3725.244141	-38.337780
3726.589966	-38.090485
3727.935791	-37.890507
3729.281616	-37.744190
3730.627441	-37.638134
3731.973267	-37.583096
3733.319092	-37.569664
3734.664917	-37.602020
3736.010742	-37.678795
3737.356567	-37.798489
3738.702393	-37.951263
3740.048218	-38.128384
3741.394043	-38.339130
3742.739868	-38.579243
3744.085693	-38.843445
3745.431519	-39.131199
3746.777344	-39.439617
3748.123169	-39.766933
3749.468994	-40.111076
3750.814819	-40.472057
3752.160645	-40.849575
3753.506470	-41.244904
3754.852295	-41.653790
3756.198120	-42.067032
3757.543945	-42.494831
3758.889771	-42.931076
3760.235596	-43.367359
3761.581421	-43.820820
3762.927246	-44.259327
3764.273071	-44.695637
3765.618896	-45.135742
3766.964722	-45.550671
3768.310547	-45.947510
3769.656372	-46.326870
3771.002197	-46.658737
3772.348022	-46.974522
3773.693848	-47.244312
3775.039673	-47.454342
3776.385498	-47.646526
3777.731323	-47.767197
3779.077148	-47.863197
3780.422974	-47.911133
3781.768799	-47.937489
3783.114624	-47.919647
3784.460449	-47.895325
3785.806274	-47.846703
3787.152100	-47.789669
3788.497925	-47.723980
3789.843750	-47.665745
3791.189575	-47.604015
3792.535400	-47.553848
3793.881226	-47.507408
3795.227051	-47.473156
3796.572876	-47.452599
3797.918701	-47.444134
3799.264526	-47.454075
3800.610352	-47.478821
3801.956177	-47.517303
3803.302002	-47.575771
3804.647827	-47.651573
3805.993652	-47.744793
3807.339478	-47.854424
3808.685303	-47.983536
3810.031128	-48.129780
3811.376953	-48.290970
3812.722778	-48.468414
3814.068604	-48.670441
3815.414429	-48.882744
3816.760254	-49.108051
3818.106079	-49.352802
3819.451904	-49.607754
3820.797729	-49.876617
3822.143555	-50.149361
3823.489380	-50.426556
3824.835205	-50.709518
3826.181030	-50.988358
3827.526855	-51.261200
3828.872681	-51.523380
3830.218506	-51.767303
3831.564331	-51.985790
3832.910156	-52.169460
3834.255981	-52.331577
3835.601807	-52.446808
3836.947632	-52.513577
3838.293457	-52.543381
3839.639282	-52.532833
3840.985107	-52.476265
3842.330933	-52.386738
3843.676758	-52.272926
3845.022583	-52.135944
3846.368408	-51.975430
3847.714233	-51.806423
3849.060059	-51.629417
3850.405884	-51.451031
3851.751709	-51.272957
3853.097534	-51.103310
3854.443359	-50.943184
3855.789185	-50.795570
3857.135010	-50.657314
3858.480835	-50.533478
3859.826660	-50.428280
3861.172485	-50.340328
3862.518311	-50.268990
3863.864136	-50.214886
3865.209961	-50.180637
3866.555786	-50.163643
3867.901611	-50.164532
3869.247437	-50.184444
3870.593262	-50.223957
3871.939087	-50.281727
3873.284912	-50.359196
3874.630737	-50.452267
3875.976562	-50.563667
3877.322388	-50.694542
3878.668213	-50.837051
3880.014038	-50.992924
3881.359863	-51.164925
3882.705688	-51.346996
3884.051514	-51.532295
3885.397339	-51.729740
3886.743164	-51.924183
3888.088989	-52.112705
3889.434814	-52.297142
3890.780640	-52.467510
3892.126465	-52.615856
3893.472290	-52.733311
3894.818115	-52.828251
3896.163940	-52.879898
3897.509766	-52.893383
3898.855591	-52.862278
3900.201416	-52.788994
3901.547241	-52.675777
3902.893066	-52.522804
3904.238892	-52.336216
3905.584717	-52.123909
3906.930542	-51.891178
3908.276367	-51.640263
3909.622192	-51.379421
3910.968018	-51.113377
3912.313843	-50.850849
3913.659668	-50.589142
3915.005493	-50.337288
3916.351318	-50.094570
3917.697144	-49.861019
3919.042969	-49.640354
3920.388794	-49.437500
3921.734619	-49.247650
3923.080444	-49.073917
3924.426270	-48.919685
3925.772095	-48.784248
3927.117920	-48.665024
3928.463745	-48.562283
3929.809570	-48.479580
3931.155396	-48.416267
3932.501221	-48.370789
3933.847046	-48.340534
3935.192871	-48.325405
3936.538696	-48.328327
3937.884521	-48.348824
3939.230347	-48.385300
3940.576172	-48.434639
3941.921997	-48.494579
3943.267822	-48.566700
3944.613647	-48.644119
3945.959473	-48.727592
3947.305298	-48.820709
3948.651123	-48.898018
3949.996948	-48.982243
3951.342773	-49.041237
3952.688599	-49.092377
3954.034424	-49.112591
3955.380249	-49.094517
3956.726074	-49.057125
3958.071899	-48.967949
3959.417725	-48.826733
3960.763550	-48.666691
3962.109375	-48.430584
3963.455200	-48.175388
3964.801025	-47.856384
3966.146851	-47.523823
3967.492676	-47.172638
3968.838501	-46.772308
3970.184326	-46.368484
3971.530151	-45.957447
3972.875977	-45.540424
3974.221802	-45.127136
3975.567627	-44.707134
3976.913452	-44.295502
3978.259277	-43.900063
3979.605103	-43.502411
3980.950928	-43.116680
3982.296753	-42.752396
3983.642578	-42.399754
3984.988403	-42.064686
3986.334229	-41.740051
3987.680054	-41.432133
3989.025879	-41.147293
3990.371704	-40.880516
3991.717529	-40.628990
3993.063354	-40.401493
3994.409180	-40.197582
3995.755005	-40.010601
3997.100830	-39.848454
3998.446655	-39.717743
3999.792480	-39.613533
4001.138306	-39.534256
4002.484131	-39.485683
4003.829956	-39.469711
4005.175781	-39.485031
4006.521606	-39.526268
4007.867432	-39.603481
4009.213257	-39.709049
4010.559082	-39.839333
4011.904907	-39.985786
4013.250732	-40.161068
4014.596558	-40.349922
4015.942383	-40.536442
4017.288208	-40.732311
4018.634033	-40.910744
4019.979858	-41.090778
4021.325684	-41.262493
4022.671509	-41.408913
4024.017334	-41.543781
4025.363159	-41.667755
4026.708984	-41.775040
4028.054810	-41.866516
4029.400635	-41.947132
4030.746460	-42.025742
4032.092285	-42.103039
4033.438110	-42.181873
4034.783936	-42.251007
4036.129761	-42.334610
4037.475586	-42.426811
4038.821411	-42.519581
4040.167236	-42.621544
4041.513062	-42.736927
4042.858887	-42.861961
4044.204712	-43.002579
4045.550537	-43.156319
4046.896362	-43.322571
4048.242188	-43.500343
4049.588013	-43.694847
4050.933838	-43.908604
4052.279663	-44.130932
4053.625488	-44.367699
4054.971313	-44.622398
4056.317139	-44.887299
4057.662964	-45.175060
4059.008789	-45.472046
4060.354614	-45.783009
4061.700439	-46.117046
4063.046265	-46.447540
4064.392090	-46.791397
4065.737915	-47.153980
4067.083740	-47.520420
4068.429565	-47.881920
4069.775391	-48.256950
4071.121216	-48.625340
4072.467041	-48.992893
4073.812866	-49.336418
4075.158691	-49.675831
4076.504517	-49.976650
4077.850342	-50.269318
4079.196167	-50.503498
4080.541992	-50.722538
4081.887817	-50.880455
4083.233643	-51.007648
4084.579468	-51.082630
4085.925293	-51.120991
4087.271118	-51.115429
4088.616943	-51.085239
4089.962769	-51.025593
4091.308594	-50.939484
4092.654419	-50.840054
4094.000244	-50.739254
4095.346069	-50.620575
4096.691895	-50.512527
4098.037720	-50.402943
4099.383545	-50.304516
4100.729370	-50.217499
4102.075195	-50.138950
4103.421021	-50.073235
4104.766846	-50.021587
4106.112671	-49.988144
4107.458496	-49.970982
4108.804321	-49.970650
4110.150146	-49.989101
4111.495972	-50.023781
4112.841797	-50.078438
4114.187622	-50.150875
4115.533447	-50.239529
4116.879272	-50.346546
4118.225098	-50.474548
4119.570923	-50.620052
4120.916748	-50.782574
4122.262573	-50.960743
4123.608398	-51.156330
4124.954224	-51.367188
4126.300049	-51.589088
4127.645874	-51.822372
4128.991699	-52.065109
4130.337524	-52.312908
4131.683350	-52.562515
4133.029175	-52.809219
4134.375000	-53.049091
4135.720825	-53.281013
4137.066650	-53.502018
4138.412476	-53.687740
4139.758301	-53.848545
4141.104126	-53.977501
4142.449951	-54.065228
4143.795776	-54.107143
4145.141602	-54.109592
4146.487427	-54.072678
4147.833252	-53.988113
4149.179077	-53.873730
4150.524902	-53.732296
4151.870728	-53.562801
4153.216553	-53.379036
4154.562378	-53.186512
4155.908203	-52.983257
4157.254028	-52.774052
4158.599854	-52.568451
4159.945679	-52.373520
4161.291504	-52.183632
4162.637329	-52.007160
4163.983154	-51.844151
4165.328979	-51.694744
4166.674805	-51.560501
4168.020630	-51.443890
4169.366455	-51.344894
4170.712280	-51.264339
4172.058105	-51.204414
4173.403931	-51.163067
4174.749756	-51.139645
4176.095581	-51.132103
4177.441406	-51.142258
4178.787231	-51.172577
4180.133057	-51.225758
4181.478882	-51.292934
4182.824707	-51.375507
4184.170532	-51.477779
4185.516357	-51.595089
4186.862183	-51.726128
4188.208008	-51.866776
4189.553833	-52.021545
4190.899658	-52.180416
4192.245483	-52.346443
4193.591309	-52.512039
4194.937134	-52.675785
4196.282959	-52.831127
4197.628784	-52.970383
4198.974609	-53.094761
4200.320435	-53.185696
4201.666260	-53.247490
4203.012085	-53.275497
4204.357910	-53.255390
4205.703735	-53.194057
4207.049561	-53.091587
4208.395386	-52.950989
4209.741211	-52.762180
4211.087036	-52.551895
4212.432861	-52.305542
4213.778687	-52.041573
4215.124512	-51.756031
4216.470337	-51.465626
4217.816162	-51.162468
4219.161987	-50.866627
4220.507812	-50.568455
4221.853638	-50.283325
4223.199463	-50.000618
4224.545288	-49.735355
4225.891113	-49.475708
4227.236938	-49.231419
4228.582764	-49.002747
4229.928589	-48.793484
4231.274414	-48.597832
4232.620239	-48.421902
4233.966064	-48.262386
4235.311890	-48.117054
4236.657715	-47.992378
4238.003540	-47.884415
4239.349365	-47.789307
4240.695190	-47.713924
4242.041016	-47.654865
4243.386841	-47.611931
4244.732666	-47.584549
4246.078491	-47.571953
4247.424316	-47.568275
4248.770142	-47.582218
4250.115967	-47.601303
4251.461792	-47.626728
4252.807617	-47.655140
4254.153442	-47.685051
4255.499268	-47.716248
4256.845093	-47.726345
4258.190918	-47.741714
4259.536743	-47.714287
4260.882568	-47.670528
4262.228394	-47.598175
4263.574219	-47.489693
4264.920044	-47.322090
4266.265869	-47.121269
4267.611694	-46.873611
4268.957520	-46.563305
4270.303345	-46.234497
4271.649170	-45.844307
4272.994995	-45.441296
4274.340820	-45.006977
4275.686646	-44.556717
4277.032471	-44.092426
4278.378296	-43.618011
4279.724121	-43.145496
4281.069946	-42.692661
4282.415771	-42.247326
4283.761597	-41.828049
4285.107422	-41.421173
4286.453247	-41.041710
4287.799072	-40.700336
4289.144897	-40.398926
4290.490723	-40.138493
4291.836548	-39.917290
4293.182373	-39.743183
4294.528198	-39.624958
4295.874023	-39.558784
4297.219849	-39.543537
4298.565674	-39.581600
4299.911499	-39.672714
4301.257324	-39.816120
4302.603149	-40.012737
4303.948975	-40.256744
4305.294800	-40.543282
4306.640625	-40.870361
4307.986450	-41.233456
4309.332275	-41.621914
4310.678101	-42.038071
4312.023926	-42.481567
4313.369751	-42.937737
4314.715576	-43.410500
4316.061401	-43.889729
4317.407227	-44.367294
4318.753052	-44.845448
4320.098877	-45.299080
4321.444702	-45.730927
4322.790527	-46.151882
4324.136353	-46.548550
4325.482178	-46.888348
4326.828003	-47.194672
4328.173828	-47.460457
4329.519653	-47.673344
4330.865479	-47.854534
4332.211304	-47.990761
4333.557129	-48.087677
4334.902954	-48.171791
4336.248779	-48.208950
4337.594604	-48.244354
4338.940430	-48.256145
4340.286255	-48.263454
4341.632080	-48.271465
4342.977905	-48.277706
4344.323730	-48.286476
4345.669556	-48.306030
4347.015381	-48.331017
4348.361206	-48.361610
4349.707031	-48.411072
4351.052856	-48.475670
4352.398682	-48.553291
4353.744507	-48.645317
4355.090332	-48.753502
4356.436157	-48.876778
4357.781982	-49.018364
4359.127808	-49.177933
4360.473633	-49.355217
4361.819458	-49.546307
4363.165283	-49.752335
4364.511108	-49.973598
4365.856934	-50.217316
4367.202759	-50.473572
4368.548584	-50.745319
4369.894409	-51.031414
4371.240234	-51.331356
4372.586060	-51.645557
4373.931885	-51.954475
4375.277710	-52.279213
4376.623535	-52.612743
4377.969360	-52.938759
4379.315186	-53.262093
4380.661011	-53.575405
4382.006836	-53.871216
4383.352661	-54.139877
4384.698486	-54.389275
4386.044312	-54.605976
4387.390137	-54.781776
4388.735962	-54.911728
4390.081787	-55.002815
4391.427612	-55.049252
4392.773438	-55.058918
4394.119263	-55.029560
4395.465088	-54.966236
4396.810913	-54.875786
4398.156738	-54.771847
4399.502563	-54.645611
4400.848389	-54.511734
4402.194214	-54.370384
4403.540039	-54.236652
4404.885864	-54.108864
4406.231689	-53.986942
4407.577515	-53.874031
4408.923340	-53.773201
4410.269165	-53.680969
4411.614990	-53.608902
4412.960815	-53.555229
4414.306641	-53.516090
4415.652466	-53.494999
4416.998291	-53.495743
4418.344116	-53.513203
4419.689941	-53.546360
4421.035767	-53.597389
4422.381592	-53.671707
4423.727417	-53.762486
4425.073242	-53.869747
4426.419067	-53.997391
4427.764893	-54.141968
4429.110718	-54.303444
4430.456543	-54.483971
4431.802368	-54.678844
4433.148193	-54.887310
4434.494019	-55.107498
4435.839844	-55.333401
4437.185669	-55.564056
4438.531494	-55.804703
4439.877319	-56.036831
4441.223145	-56.272427
4442.568970	-56.490997
4443.914795	-56.686806
4445.260620	-56.861824
4446.606445	-57.010044
4447.952271	-57.128777
4449.298096	-57.200024
4450.643921	-57.236237
4451.989746	-57.224358
4453.335571	-57.178314
4454.681396	-57.085232
4456.027222	-56.958656
4457.373047	-56.810520
4458.718872	-56.632046
4460.064697	-56.425842
4461.410522	-56.217247
4462.756348	-56.008633
4464.102173	-55.788734
4465.447998	-55.574085
4466.793823	-55.369553
4468.139648	-55.168907
4469.485474	-54.977375
4470.831299	-54.800507
4472.177124	-54.641369
4473.522949	-54.496059
4474.868774	-54.363743
4476.214600	-54.252563
4477.560425	-54.164356
4478.906250	-54.094189
4480.252075	-54.037712
4481.597900	-53.999092
4482.943726	-53.979839
4484.289551	-53.979340
4485.635376	-53.996284
4486.981201	-54.034496
4488.327026	-54.090366
4489.672852	-54.161995
4491.018677	-54.248558
4492.364502	-54.349079
4493.710327	-54.465340
4495.056152	-54.593750
4496.401978	-54.732319
4497.747803	-54.878857
4499.093628	-55.028950
4500.439453	-55.179020
4501.785278	-55.329990
4503.131104	-55.464905
4504.476929	-55.593243
4505.822754	-55.691483
4507.168579	-55.773399
4508.514404	-55.812115
4509.860229	-55.822601
4511.206055	-55.779953
4512.551880	-55.702000
4513.897705	-55.580040
4515.243530	-55.415131
4516.589355	-55.211948
4517.935181	-54.967701
4519.281006	-54.699097
4520.626831	-54.411461
4521.972656	-54.098644
4523.318481	-53.775398
4524.664307	-53.464169
4526.010132	-53.131447
4527.355957	-52.803738
4528.701782	-52.493031
4530.047607	-52.184254
4531.393433	-51.881069
4532.739258	-51.592377
4534.085083	-51.320366
4535.430908	-51.057583
4536.776733	-50.812092
4538.122559	-50.582146
4539.468384	-50.371571
4540.814209	-50.174587
4542.160034	-49.993713
4543.505859	-49.831242
4544.851685	-49.684486
4546.197510	-49.555412
4547.543335	-49.445419
4548.889160	-49.349674
4550.234985	-49.267303
4551.580811	-49.203178
4552.926636	-49.152412
4554.272461	-49.114807
4555.618286	-49.091171
4556.964111	-49.081417
4558.309937	-49.075268
4559.655762	-49.076420
4561.001587	-49.083168
4562.347412	-49.092625
4563.693237	-49.097099
4565.039062	-49.089966
4566.384888	-49.068722
4567.730713	-49.031315
4569.076538	-48.964043
4570.422363	-48.876358
4571.768188	-48.758392
4573.114014	-48.607861
4574.459839	-48.435951
4575.805664	-48.226189
4577.151489	-48.031471
4578.497314	-47.816856
4579.843140	-47.595024
4581.188965	-47.390358
4582.534790	-47.198700
4583.880615	-47.040947
4585.226440	-46.906067
4586.572266	-46.795719
4587.918091	-46.728848
4589.263916	-46.697968
4590.609741	-46.699890
4591.955566	-46.736332
4593.301392	-46.808861
4594.647217	-46.911621
4595.993042	-47.043758
4597.338867	-47.205914
4598.684692	-47.400040
4600.030518	-47.616283
4601.376343	-47.849506
4602.722168	-48.109188
4604.067993	-48.395485
4605.413818	-48.699596
4606.759644	-49.023540
4608.105469	-49.365437
4609.451294	-49.719723
4610.797119	-50.098396
4612.142944	-50.490505
4613.488770	-50.892056
4614.834595	-51.313663
4616.180420	-51.745640
4617.526245	-52.188000
4618.872070	-52.636959
4620.217896	-53.091644
4621.563721	-53.544136
4622.909546	-54.010990
4624.255371	-54.455013
4625.601196	-54.883896
4626.947021	-55.317703
4628.292847	-55.729286
4629.638672	-56.100254
4630.984497	-56.442204
4632.330322	-56.758560
4633.676147	-57.008907
4635.021973	-57.249168
4636.367798	-57.420860
4637.713623	-57.555149
4639.059448	-57.637890
4640.405273	-57.708332
4641.751099	-57.728767
4643.096924	-57.739372
4644.442749	-57.721611
4645.788574	-57.702900
4647.134399	-57.657730
4648.480225	-57.633926
4649.826050	-57.599045
4651.171875	-57.581352
4652.517700	-57.561691
4653.863525	-57.553879
4655.209351	-57.559368
4656.555176	-57.578346
4657.901001	-57.607933
4659.246826	-57.657608
4660.592651	-57.725498
4661.938477	-57.812496
4663.284302	-57.912548
4664.630127	-58.028984
4665.975952	-58.167500
4667.321777	-58.324642
4668.667603	-58.497425
4670.013428	-58.690166
4671.359253	-58.895893
4672.705078	-59.126247
4674.050903	-59.374660
4675.396729	-59.632759
4676.742554	-59.907688
4678.088379	-60.188347
4679.434204	-60.494610
4680.780029	-60.802521
4682.125854	-61.112625
4683.471680	-61.449802
4684.817505	-61.769051
4686.163330	-62.078762
4687.509155	-62.389248
4688.854980	-62.679871
4690.200806	-62.950623
4691.546631	-63.203243
4692.892456	-63.417454
4694.238281	-63.591755
4695.584106	-63.719418
4696.929932	-63.814445
4698.275757	-63.864502
4699.621582	-63.876392
4700.967407	-63.857594
4702.313232	-63.797722
4703.659058	-63.707367
4705.004883	-63.615704
4706.350708	-63.472836
4707.696533	-63.345848
4709.042358	-63.210876
4710.388184	-63.083714
4711.734009	-62.951233
4713.079834	-62.840733
4714.425659	-62.731262
4715.771484	-62.637859
4717.117310	-62.551350
4718.463135	-62.484230
4719.808960	-62.437428
4721.154785	-62.411419
4722.500610	-62.397881
4723.846436	-62.398590
4725.192261	-62.422123
4726.538086	-62.470253
4727.883911	-62.531708
4729.229736	-62.610313
4730.575562	-62.704021
4731.921387	-62.811810
4733.267212	-62.947235
4734.613037	-63.109367
4735.958862	-63.287350
4737.304688	-63.478592
4738.650513	-63.681618
4739.996338	-63.898422
4741.342163	-64.123787
4742.687988	-64.359947
4744.033813	-64.613251
4745.379639	-64.853355
4746.725464	-65.093719
4748.071289	-65.326080
4749.417114	-65.568642
4750.762939	-65.761612
4752.108765	-65.964424
4753.454590	-66.130119
4754.800415	-66.237587
4756.146240	-66.340424
4757.492065	-66.378685
4758.837891	-66.377426
4760.183716	-66.339264
4761.529541	-66.252983
4762.875366	-66.141701
4764.221191	-65.982819
4765.567017	-65.815231
4766.912842	-65.636391
4768.258667	-65.430656
4769.604492	-65.215347
4770.950317	-65.014771
4772.296143	-64.807739
4773.641968	-64.603516
4774.987793	-64.411758
4776.333618	-64.236626
4777.679443	-64.062935
4779.025269	-63.902100
4780.371094	-63.773312
4781.716919	-63.653103
4783.062744	-63.548706
4784.408569	-63.464912
4785.754395	-63.393692
4787.100220	-63.342644
4788.446045	-63.308762
4789.791870	-63.285164
4791.137695	-63.287880
4792.483521	-63.312340
4793.829346	-63.357346
4795.175171	-63.420883
4796.520996	-63.502857
4797.866821	-63.598450
4799.212646	-63.696110
4800.558472	-63.801033
4801.904297	-63.938175
4803.250122	-64.084190
4804.595947	-64.220787
4805.941772	-64.369865
4807.287598	-64.524925
4808.633423	-64.670227
4809.979248	-64.808746
4811.325073	-64.933769
4812.670898	-65.017296
4814.016724	-65.091751
4815.362549	-65.138161
4816.708374	-65.120674
4818.054199	-65.090881
4819.400024	-64.983727
4820.745850	-64.852463
4822.091675	-64.679070
4823.437500	-64.465965
4824.783325	-64.200447
4826.129150	-63.926807
4827.474976	-63.621361
4828.820801	-63.286053
4830.166626	-62.978893
4831.512451	-62.633446
4832.858276	-62.275986
4834.204102	-61.947205
4835.549927	-61.628483
4836.895752	-61.305210
4838.241577	-61.000904
4839.587402	-60.710953
4840.933228	-60.437641
4842.279053	-60.184227
4843.624878	-59.940823
4844.970703	-59.716919
4846.316528	-59.522655
4847.662354	-59.359020
4849.008179	-59.223267
4850.354004	-59.100372
4851.699829	-59.000008
4853.045654	-58.938957
4854.391479	-58.909912
4855.737305	-58.907841
4857.083130	-58.944588
4858.428955	-59.014278
4859.774780	-59.113674
4861.120605	-59.247887
4862.466431	-59.424892
4863.812256	-59.645638
4865.158081	-59.884697
4866.503906	-60.152775
4867.849731	-60.443893
4869.195557	-60.750198
4870.541382	-61.095634
4871.887207	-61.443481
4873.233032	-61.771873
4874.578857	-62.119347
4875.924683	-62.471714
4877.270508	-62.780064
4878.616333	-63.071297
4879.962158	-63.343952
4881.307983	-63.588966
4882.653809	-63.807812
4883.999634	-64.005470
4885.345459	-64.165131
4886.691284	-64.311234
4888.037109	-64.428070
4889.382935	-64.551384
4890.728760	-64.672554
4892.074585	-64.771385
4893.420410	-64.873459
4894.766235	-64.987831
4896.112061	-65.104324
4897.457886	-65.216774
4898.803711	-65.349197
4900.149536	-65.497772
4901.495361	-65.659508
4902.841187	-65.832062
4904.187012	-66.022194
4905.532837	-66.214836
4906.878662	-66.427559
4908.224487	-66.669098
4909.570312	-66.919968
4910.916138	-67.191566
4912.261963	-67.481171
4913.607788	-67.779091
4914.953613	-68.108498
4916.299438	-68.441193
4917.645264	-68.778656
4918.991089	-69.157196
4920.336914	-69.532829
4921.682739	-69.934418
4923.028564	-70.363503
4924.374390	-70.769142
4925.720215	-71.227989
4927.066040	-71.624153
4928.411865	-72.052010
4929.757690	-72.546303
4931.103516	-72.882706
4932.449341	-73.403877
4933.795166	-73.722816
4935.140991	-74.231781
4936.486816	-74.451447
4937.832642	-74.930733
4939.178467	-75.095894
4940.524292	-75.549995
4941.870117	-75.510948
4943.215942	-75.953239
4944.561768	-75.817841
4945.907593	-76.248825
4947.253418	-75.985115
4948.599243	-76.219482
4949.945068	-76.177917
4951.290894	-76.031921
4952.636719	-76.354126
4953.982544	-75.954262
4955.328369	-76.136452
4956.674194	-76.194595
4958.020020	-75.841873
4959.365845	-76.162064
4960.711670	-76.210953
4962.057495	-75.871231
4963.403320	-76.165916
4964.749146	-76.406593
4966.094971	-76.068413
4967.440796	-76.113556
4968.786621	-76.639542
4970.132446	-76.729744
4971.478271	-76.420219
4972.824097	-76.551804
4974.169922	-77.163368
4975.515747	-77.559074
4976.861572	-77.445038
4978.207397	-77.291069
4979.553223	-77.550186
4980.899048	-78.220978
4982.244873	-78.952751
4983.590698	-79.337791
4984.936523	-79.248932
4986.282349	-79.035202
4987.628174	-78.974190
4988.973999	-79.041756
4990.319824	-79.493568
4991.665649	-80.247879
4993.011475	-81.203278
4994.357300	-82.245216
4995.703125	-83.383942
4997.048950	-84.688995
4998.394775	-86.000618
4999.740601	-87.268547
5001.086426	-88.512627
5002.432251	-90.085014
5003.778076	-91.330765
5005.123901	-92.373802
5006.469727	-93.539078
5007.815552	-94.405663
5009.161377	-95.591820
5010.507202	-96.203026
5011.853027	-96.259346
5013.198853	-96.629158
5014.544678	-97.405220
5015.890503	-98.139153
5017.236328	-98.280113
5018.582153	-98.574310
5019.927979	-98.613197
5021.273804	-98.739037
5022.619629	-98.851936
5023.965454	-99.501938
5025.311279	-99.284271
5026.657104	-99.022636
5028.002930	-99.430244
5029.348755	-100.443726
5030.694580	-99.836876
5032.040405	-99.850075
5033.386230	-99.877594
5034.732056	-100.548119
5036.077881	-100.077477
5037.423706	-100.231071
5038.769531	-99.830559
5040.115356	-99.761154
5041.461182	-99.964912
5042.807007	-99.935661
5044.152832	-99.722961
5045.498657	-99.956856
5046.844482	-100.264290
5048.190308	-100.388512
5049.536133	-100.152702
5050.881958	-100.172813
5052.227783	-101.003113
5053.573608	-100.262947
5054.919434	-100.463997
5056.265259	-99.617104
5057.611084	-99.424232
5058.956909	-100.451469
5060.302734	-100.978745
5061.648560	-100.770187
5062.994385	-99.951439
5064.340210	-100.396408
5065.686035	-100.111938
5067.031860	-100.219849
5068.377686	-100.613075
5069.723511	-100.763748
5071.069336	-100.921516
5072.415161	-100.434685
5073.760986	-99.885490
5075.106812	-100.419563
5076.452637	-99.911293
5077.798462	-100.187790
5079.144287	-100.035004
5080.490112	-100.509247
5081.835938	-100.036514
5083.181763	-99.486465
5084.527588	-99.404411
5085.873413	-100.004311
5087.219238	-100.058495
5088.565063	-99.977661
5089.910889	-99.527534
5091.256714	-99.341461
5092.602539	-100.245750
5093.948364	-99.538605
5095.294189	-99.579620
5096.640015	-98.861885
5097.985840	-98.664375
5099.331665	-98.887344
5100.677490	-98.802353
5102.023315	-98.542862
5103.369141	-98.079895
5104.714966	-98.634766
5106.060791	-98.389122
5107.406616	-98.406082
5108.752441	-97.957176
5110.098267	-97.889954
5111.444092	-98.043335
5112.789917	-97.461578
5114.135742	-96.927040
5115.481567	-96.773682
5116.827393	-97.257164
5118.173218	-96.673019
5119.519043	-96.774918
5120.864868	-96.555130
5122.210693	-95.883171
5123.556519	-95.658882
5124.902344	-95.402679
5126.248169	-95.214493
5127.593994	-95.094376
5128.939819	-94.813240
5130.285645	-94.366814
5131.631470	-94.222816
5132.977295	-94.035294
5134.323120	-93.744308
5135.668945	-93.597214
5137.014771	-93.429581
5138.360596	-93.441704
5139.706421	-93.280449
5141.052246	-93.083435
5142.398071	-92.958092
5143.743896	-92.861588
5145.089722	-92.431892
5146.435547	-92.345879
5147.781372	-92.349327
5149.127197	-92.278053
5150.473022	-92.314644
5151.818848	-92.414902
5153.164673	-92.527382
5154.510498	-92.594215
5155.856323	-92.461678
5157.202148	-92.496529
5158.547974	-92.761826
5159.893799	-93.038330
5161.239624	-93.233345
5162.585449	-93.299965
5163.931274	-93.408058
5165.277100	-93.575424
5166.622925	-93.619492
5167.968750	-93.666702
5169.314575	-93.866096
5170.660400	-94.004997
5172.006226	-94.043282
5173.352051	-94.509285
5174.697876	-95.184387
5176.043701	-95.230812
5177.389526	-94.968002
5178.735352	-95.180832
5180.081177	-95.401100
5181.427002	-95.696060
5182.772827	-95.817009
5184.118652	-95.641792
5185.464478	-96.079910
5186.810303	-96.736664
5188.156128	-97.013451
5189.501953	-97.045784
5190.847778	-96.790962
5192.193604	-96.898857
5193.539429	-97.347305
5194.885254	-97.929741
5196.231079	-97.797684
5197.576904	-97.828873
5198.922729	-98.201859
5200.268555	-98.485115
5201.614380	-98.440010
5202.960205	-98.708557
5204.306030	-98.398682
5205.651855	-98.813950
5206.997681	-99.486198
5208.343506	-99.682236
5209.689331	-99.471123
5211.035156	-100.545357
5212.380981	-99.848183
5213.726807	-99.844574
5215.072632	-100.672501
5216.418457	-100.508865
5217.764282	-100.558128
5219.110107	-100.621887
5220.455933	-101.283119
5221.801758	-101.131660
5223.147583	-101.267159
5224.493408	-101.236313
5225.839233	-101.467201
5227.185059	-101.143951
5228.530884	-101.407967
5229.876709	-101.719971
5231.222534	-101.573524
5232.568359	-102.429726
5233.914185	-101.916893
5235.260010	-102.069664
5236.605835	-101.795906
5237.951660	-102.124992
5239.297485	-102.220375
5240.643311	-102.113083
5241.989136	-102.695496
5243.334961	-103.047333
5244.680786	-103.219261
5246.026611	-103.650818
5247.372437	-103.355064
5248.718262	-103.010208
5250.064087	-103.125809
5251.409912	-102.886559
5252.755737	-103.042915
5254.101562	-103.567924
5255.447388	-103.373528
5256.793213	-103.692383
5258.139038	-103.873474
5259.484863	-103.558540
5260.830688	-104.195549
5262.176514	-104.444160
5263.522339	-104.438141
5264.868164	-104.762611
5266.213989	-104.905304
5267.559814	-105.064369
5268.905640	-105.017937
5270.251465	-105.257126
5271.597290	-105.045036
5272.943115	-105.417068
5274.288940	-105.476349
5275.634766	-105.333214
5276.980591	-105.694298
5278.326416	-106.074074
5279.672241	-105.879829
5281.018066	-105.954170
5282.363892	-106.261101
5283.709717	-106.374321
5285.055542	-106.765327
5286.401367	-107.587059
5287.747192	-107.659904
5289.093018	-107.602997
5290.438843	-108.223549
5291.784668	-108.413376
5293.130493	-108.499992
5294.476318	-109.055115
5295.822144	-108.819130
5297.167969	-108.815659
5298.513794	-109.427513
5299.859619	-109.711891
5301.205444	-109.952690
5302.551270	-109.917099
5303.897095	-110.284340
5305.242920	-110.950859
5306.588745	-111.234917
5307.934570	-111.444183
5309.280396	-111.948761
5310.626221	-112.501778
5311.972046	-112.665176
5313.317871	-112.458290
5314.663696	-112.351395
5316.009521	-113.204178
5317.355347	-113.582718
5318.701172	-114.056442
5320.046997	-114.128220
5321.392822	-113.989639
5322.738647	-114.688362
5324.084473	-115.116501
5325.430298	-115.217720
5326.776123	-115.652954
5328.121948	-116.861237
5329.467773	-116.941620
5330.813599	-117.024063
5332.159424	-116.877739
5333.505249	-117.441467
5334.851074	-117.626724
5336.196899	-117.745186
5337.542725	-118.733635
5338.888550	-118.552727
5340.234375	-118.537804
5341.580200	-119.147423
5342.926025	-119.540581
5344.271851	-120.026932
5345.617676	-120.192726
5346.963501	-121.020325
5348.309326	-121.330750
5349.655151	-121.870033
5351.000977	-122.059067
5352.346802	-122.585457
5353.692627	-122.414780
5355.038452	-123.210434
5356.384277	-123.819099
5357.730103	-123.698509
5359.075928	-123.686447
5360.421753	-124.128609
5361.767578	-124.703156
5363.113403	-124.950470
5364.459229	-125.298317
5365.805054	-125.239861
5367.150879	-125.653366
5368.496704	-126.237343
5369.842529	-126.671051
5371.188354	-127.162079
5372.534180	-127.669044
5373.880005	-128.129288
5375.225830	-128.058365
5376.571655	-128.321198
5377.917480	-128.901138
5379.263306	-129.431259
5380.609131	-129.839249
5381.954956	-130.365311
5383.300781	-130.468536
5384.646606	-130.916946
5385.992432	-131.515488
5387.338257	-131.986359
5388.684082	-132.386490
5390.029907	-133.088150
5391.375732	-133.416092
5392.721558	-133.752823
5394.067383	-134.296417
5395.413208	-134.766174
5396.759033	-135.089417
5398.104858	-135.547028
5399.450684	-136.054764
5400.796509	-136.610428
5402.142334	-137.062408
5403.488159	-137.447647
5404.833984	-138.093918
5406.179810	-138.838333
5407.525635	-139.383499
5408.871460	-139.936874
5410.217285	-140.348007
5411.563110	-140.908279
5412.908936	-141.641068
5414.254761	-142.499252
5415.600586	-143.104401
5416.946411	-144.192184
5418.292236	-144.940552
5419.638062	-145.433716
5420.983887	-146.071121
5422.329712	-146.967300
5423.675537	-147.945496
5425.021362	-148.591812
5426.367188	-149.709686
5427.713013	-150.539093
5429.058838	-151.482849
5430.404663	-152.318573
5431.750488	-153.383911
5433.096313	-154.570068
5434.442139	-155.513123
5435.787964	-156.395294
5437.133789	-157.429718
5438.479614	-158.531937
5439.825439	-159.663528
5441.171265	-161.162689
5442.517090	-162.362534
5443.862915	-163.221191
5445.208740	-164.666946
5446.554565	-166.002487
5447.900391	-167.057678
5449.246216	-168.142929
5450.592041	-169.029892
5451.937866	-170.552277
5453.283691	-172.602524
5454.629517	-173.699432
5455.975342	-174.157333
5457.321167	-175.363525
5458.666992	-176.961411
5460.012817	-178.094711
5461.358643	-179.369141
5462.704468	-180.261963
5464.050293	-180.275864
5465.396118	-181.427582
5466.741943	-182.996552
5468.087769	-183.268768
5469.433594	-184.276031
5470.779419	-184.395645
5472.125244	-186.131546
5473.471069	-185.534027
5474.816895	-185.528290
5476.162720	-185.740540
5477.508545	-187.006042
5478.854370	-185.227081
5480.200195	-185.959808
5481.546021	-186.707825
5482.891846	-184.737701
5484.237671	-186.785980
5485.583496	-185.908707
5486.929321	-184.560196
5488.275146	-186.972885
5489.620972	-184.779922
5490.966797	-185.901184
5492.312622	-186.439438
5493.658447	-187.062286
5495.004272	-185.467010
5496.350098	-188.362656
5497.695923	-185.506027
5499.041748	-183.508759
5500.387573	-187.204697
5501.733398	-184.407074
5503.079224	-183.167038
5504.425049	-185.646988
5505.770874	-187.050964
5507.116699	-182.286713
5508.462524	-187.318375
5509.808350	-186.975327
5511.154175	-182.013702
