Frequency (Hz)	Level (dB)
1.345825	-75.106461
2.691650	-75.550827
4.037476	-76.285118
5.383301	-77.325935
6.729126	-78.576546
8.074951	-80.116905
9.420776	-81.427605
10.766602	-82.353584
12.112427	-83.032356
13.458252	-82.896980
14.804077	-83.977463
16.149902	-83.588715
17.495728	-83.560661
18.841553	-82.617790
20.187378	-82.452362
21.533203	-81.372375
22.879028	-80.091019
24.224854	-80.295731
25.570679	-80.148964
26.916504	-79.171097
28.262329	-78.988190
29.608154	-79.402374
30.953979	-80.698875
32.299805	-80.259750
33.645630	-80.254738
34.991455	-80.459000
36.337280	-80.001358
37.683105	-80.974739
39.028931	-80.981194
40.374756	-80.060852
41.720581	-79.203957
43.066406	-78.708832
44.412231	-78.791710
45.758057	-79.320641
47.103882	-78.212929
48.449707	-78.311089
49.795532	-77.475639
51.141357	-76.310844
52.487183	-76.673225
53.833008	-75.746925
55.178833	-74.618217
56.524658	-74.143387
57.870483	-73.940948
59.216309	-74.307472
60.562134	-73.674454
61.907959	-73.232727
63.253784	-73.307449
64.599609	-75.726341
65.945435	-76.422195
67.291260	-76.297203
68.637085	-75.831528
69.982910	-75.069206
71.328735	-74.607536
72.674561	-75.112633
74.020386	-74.830093
75.366211	-74.847275
76.712036	-75.742989
78.057861	-76.004768
79.403687	-76.691124
80.749512	-76.834564
82.095337	-76.763870
83.441162	-76.458855
84.786987	-75.042496
86.132812	-75.756638
87.478638	-76.137512
88.824463	-75.858032
90.170288	-76.125511
91.516113	-76.585587
92.861938	-76.079552
94.207764	-76.179497
95.553589	-76.760674
96.899414	-76.502472
98.245239	-76.136162
99.591064	-75.525192
100.936890	-75.247330
102.282715	-75.162193
103.628540	-74.751335
104.974365	-74.868660
106.320190	-74.104927
107.666016	-73.793762
109.011841	-73.539215
110.357666	-73.486961
111.703491	-73.235184
113.049316	-72.562134
114.395142	-71.692619
115.740967	-71.709419
117.086792	-71.465309
118.432617	-69.560577
119.778442	-66.608932
121.124268	-67.045700
122.470093	-70.263161
123.815918	-71.147133
125.161743	-71.256294
126.507568	-71.176407
127.853394	-71.087814
129.199219	-71.007431
130.545044	-70.971024
131.890869	-71.162979
133.236694	-71.385948
134.582520	-71.132584
135.928345	-70.758377
137.274170	-71.129761
138.619995	-71.258682
139.965820	-71.578239
141.311646	-71.438980
142.657471	-71.053154
144.003296	-71.219658
145.349121	-71.555908
146.694946	-70.996712
148.040771	-71.190208
149.386597	-71.360184
150.732422	-71.430626
152.078247	-71.405640
153.424072	-71.100784
154.769897	-71.245392
156.115723	-70.771950
157.461548	-70.192024
158.807373	-70.154160
160.153198	-69.578644
161.499023	-69.949608
162.844849	-69.734268
164.190674	-69.305634
165.536499	-69.138786
166.882324	-68.839668
168.228149	-68.331558
169.573975	-68.066628
170.919800	-67.504501
172.265625	-67.055664
173.611450	-66.783691
174.957275	-66.412277
176.303101	-66.033951
177.648926	-65.624466
178.994751	-65.280952
180.340576	-65.116852
181.686401	-64.759109
183.032227	-64.431046
184.378052	-64.329018
185.723877	-64.117599
187.069702	-63.839138
188.415527	-63.674305
189.761353	-63.466698
191.107178	-63.154167
192.453003	-62.912182
193.798828	-62.768978
195.144653	-62.581738
196.490479	-62.337559
197.836304	-62.188377
199.182129	-62.074242
200.527954	-61.787666
201.873779	-61.718430
203.219604	-61.649868
204.565430	-61.340588
205.911255	-61.037067
207.257080	-60.898457
208.602905	-60.753017
209.948730	-60.352036
211.294556	-59.871384
212.640381	-59.699085
213.986206	-59.531105
215.332031	-58.890839
216.677856	-58.220554
218.023682	-57.790756
219.369507	-57.247478
220.715332	-56.790413
222.061157	-56.370441
223.406982	-55.865555
224.752808	-55.474144
226.098633	-55.144978
227.444458	-54.854172
228.790283	-54.830212
230.136108	-54.937630
231.481934	-54.902363
232.827759	-54.961040
234.173584	-55.102608
235.519409	-55.331909
236.865234	-55.576088
238.211060	-55.854839
239.556885	-56.061409
240.902710	-55.415195
242.248535	-55.814259
243.594360	-57.118683
244.940186	-57.516884
246.286011	-57.878246
247.631836	-58.326145
248.977661	-58.721169
250.323486	-59.074070
251.669312	-59.491272
253.015137	-59.975307
254.360962	-60.474819
255.706787	-60.901176
257.052612	-61.322865
258.398438	-61.759342
259.744263	-62.219677
261.090088	-62.585751
262.435913	-63.014019
263.781738	-63.528786
265.127563	-63.958527
266.473389	-64.409470
267.819214	-64.811821
269.165039	-65.154160
270.510864	-65.612427
271.856689	-65.774147
273.202515	-66.234764
274.548340	-66.538544
275.894165	-66.838959
277.239990	-66.925156
278.585815	-66.919922
279.931641	-67.006577
281.277466	-67.241486
282.623291	-67.145584
283.969116	-67.065941
285.314941	-67.037483
286.660767	-67.049500
288.006592	-66.895164
289.352417	-66.830292
290.698242	-66.716187
292.044067	-66.629257
293.389893	-66.531433
294.735718	-66.445511
296.081543	-66.358276
297.427368	-66.314522
298.773193	-66.236206
300.119019	-66.192123
301.464844	-66.231766
302.810669	-66.217636
304.156494	-66.163277
305.502319	-66.184982
306.848145	-66.272537
308.193970	-66.331726
309.539795	-66.384277
310.885620	-66.430138
312.231445	-66.524757
313.577271	-66.717766
314.923096	-66.871269
316.268921	-66.983017
317.614746	-67.196693
318.960571	-67.364021
320.306396	-67.546677
321.652222	-67.739998
322.998047	-67.975822
324.343872	-68.199417
325.689697	-68.444733
327.035522	-68.752388
328.381348	-68.916687
329.727173	-69.123985
331.072998	-69.292351
332.418823	-69.502197
333.764648	-69.672829
335.110474	-69.708786
336.456299	-69.803864
337.802124	-69.834930
339.147949	-69.810768
340.493774	-69.738846
341.839600	-69.732574
343.185425	-69.516037
344.531250	-69.421227
345.877075	-69.158653
347.222900	-68.890190
348.568726	-68.730148
349.914551	-68.606728
351.260376	-68.317329
352.606201	-68.023903
353.952026	-67.768440
355.297852	-67.535133
356.643677	-67.349754
357.989502	-67.115700
359.335327	-66.896873
360.681152	-66.767220
362.026978	-66.600143
363.372803	-66.454750
364.718628	-66.323456
366.064453	-66.236359
367.410278	-66.115250
368.756104	-65.969894
370.101929	-65.898338
371.447754	-65.870178
372.793579	-65.833778
374.139404	-65.822044
375.485229	-65.843948
376.831055	-65.868713
378.176880	-65.873825
379.522705	-65.878265
380.868530	-65.994553
382.214355	-66.064468
383.560181	-66.065102
384.906006	-66.099640
386.251831	-66.189293
387.597656	-66.329613
388.943481	-66.463371
390.289307	-66.535477
391.635132	-66.589821
392.980957	-66.716675
394.326782	-66.642326
395.672607	-66.598557
397.018433	-66.617058
398.364258	-66.498787
399.710083	-66.282425
401.055908	-66.189476
402.401733	-65.980179
403.747559	-65.688866
405.093384	-65.294319
406.439209	-65.000458
407.785034	-64.649872
409.130859	-64.242294
410.476685	-63.799500
411.822510	-63.335426
413.168335	-62.884315
414.514160	-62.377483
415.859985	-61.908607
417.205811	-61.510284
418.551636	-61.094593
419.897461	-60.633804
421.243286	-60.187885
422.589111	-59.767262
423.934937	-59.350025
425.280762	-58.949997
426.626587	-58.560787
427.972412	-58.149361
429.318237	-57.754932
430.664062	-57.400688
432.009888	-57.038372
433.355713	-56.674072
434.701538	-56.332111
436.047363	-55.998974
437.393188	-55.654316
438.739014	-55.347996
440.084839	-55.033684
441.430664	-54.768730
442.776489	-54.512188
444.122314	-54.279819
445.468140	-54.051010
446.813965	-53.897953
448.159790	-53.776535
449.505615	-53.728081
450.851440	-53.690212
452.197266	-53.766899
453.543091	-53.865055
454.888916	-54.013428
456.234741	-54.252777
457.580566	-54.538456
458.926392	-54.895710
460.272217	-55.201332
461.618042	-55.594513
462.963867	-55.952305
464.309692	-56.287434
465.655518	-56.570492
467.001343	-56.875565
468.347168	-57.185291
469.692993	-57.464352
471.038818	-57.668545
472.384644	-57.889343
473.730469	-58.088509
475.076294	-58.241810
476.422119	-58.432545
477.767944	-58.605656
479.113770	-58.759464
480.459595	-58.916485
481.805420	-59.124359
483.151245	-59.301727
484.497070	-59.458668
485.842896	-59.641476
487.188721	-59.842503
488.534546	-60.037830
489.880371	-60.236519
491.226196	-60.458557
492.572021	-60.709042
493.917847	-60.947468
495.263672	-61.175343
496.609497	-61.414562
497.955322	-61.668491
499.301147	-61.997822
500.646973	-62.335598
501.992798	-62.597843
503.338623	-62.861557
504.684448	-63.169052
506.030273	-63.518951
507.376099	-63.843502
508.721924	-64.143387
510.067749	-64.486702
511.413574	-64.830353
512.759399	-65.126617
514.105225	-65.488922
515.451050	-65.782036
516.796875	-66.039780
518.142700	-66.274635
519.488525	-66.515869
520.834351	-66.719124
522.180176	-66.824821
523.526001	-66.931862
524.871826	-66.948555
526.217651	-66.981834
527.563477	-66.944633
528.909302	-66.880295
530.255127	-66.812386
531.600952	-66.681030
532.946777	-66.541588
534.292603	-66.411255
535.638428	-66.245300
536.984253	-66.105392
538.330078	-66.010757
539.675903	-65.905876
541.021729	-65.781281
542.367554	-65.649078
543.713379	-65.535080
545.059204	-65.470772
546.405029	-65.377975
547.750854	-65.301872
549.096680	-65.269997
550.442505	-65.246880
551.788330	-65.248543
553.134155	-65.280586
554.479980	-65.312660
555.825806	-65.348801
557.171631	-65.415512
558.517456	-65.523796
559.863281	-65.628693
561.209106	-65.712601
562.554932	-65.858246
563.900757	-65.990028
565.246582	-66.112343
566.592407	-66.321182
567.938232	-66.475388
569.284058	-66.684166
570.629883	-66.892967
571.975708	-67.076889
573.321533	-67.253807
574.667358	-67.462051
576.013184	-67.626015
577.359009	-67.756729
578.704834	-67.929680
580.050659	-68.009674
581.396484	-67.994766
582.742310	-68.045158
584.088135	-68.108810
585.433960	-67.988922
586.779785	-67.847206
588.125610	-67.690399
589.471436	-67.495422
590.817261	-67.338089
592.163086	-67.108673
593.508911	-66.810493
594.854736	-66.528976
596.200562	-66.243256
597.546387	-65.953346
598.892212	-65.686478
600.238037	-65.379326
601.583862	-65.081825
602.929688	-64.811867
604.275513	-64.571220
605.621338	-64.319458
606.967163	-64.088814
608.312988	-63.906097
609.658813	-63.709198
611.004639	-63.506287
612.350464	-63.348286
613.696289	-63.209076
615.042114	-63.077278
616.387939	-62.986973
617.733765	-62.910664
619.079590	-62.809200
620.425415	-62.730087
621.771240	-62.695244
623.117065	-62.666512
624.462891	-62.632755
625.808716	-62.636673
627.154541	-62.656475
628.500366	-62.638569
629.846191	-62.673470
631.192017	-62.707546
632.537842	-62.696655
633.883667	-62.713673
635.229492	-62.715275
636.575317	-62.686977
637.921143	-62.652653
639.266968	-62.613159
640.612793	-62.527939
641.958618	-62.387348
643.304443	-62.189037
644.650269	-61.989674
645.996094	-61.728756
647.341919	-61.389893
648.687744	-61.018513
650.033569	-60.593521
651.379395	-60.111088
652.725220	-59.635456
654.071045	-59.078484
655.416870	-58.490967
656.762695	-57.925125
658.108521	-57.309246
659.454346	-56.704552
660.800171	-56.071934
662.145996	-55.444672
663.491821	-54.837006
664.837646	-54.229218
666.183472	-53.610157
667.529297	-52.999634
668.875122	-52.428181
670.220947	-51.883389
671.566772	-51.363022
672.912598	-50.886761
674.258423	-50.470325
675.604248	-50.123302
676.950073	-49.865219
678.295898	-49.704975
679.641724	-49.639912
680.987549	-49.686176
682.333374	-49.857929
683.679199	-50.146301
685.025024	-50.514515
686.370850	-50.957298
687.716675	-51.470818
689.062500	-52.030907
690.408325	-52.635735
691.754150	-53.245163
693.099976	-53.870758
694.445801	-54.503399
695.791626	-55.109879
697.137451	-55.731728
698.483276	-56.331802
699.829102	-56.911327
701.174927	-57.435944
702.520752	-57.940311
703.866577	-58.416534
705.212402	-58.816135
706.558228	-59.155663
707.904053	-59.455509
709.249878	-59.743404
710.595703	-59.914101
711.941528	-60.061161
713.287354	-60.218037
714.633179	-60.310234
715.979004	-60.364662
717.324829	-60.429340
718.670654	-60.464539
720.016479	-60.489864
721.362305	-60.510124
722.708130	-60.531227
724.053955	-60.530769
725.399780	-60.537933
726.745605	-60.578568
728.091431	-60.623215
729.437256	-60.663452
730.783081	-60.719826
732.128906	-60.794861
733.474731	-60.900463
734.820557	-61.021900
736.166382	-61.143337
737.512207	-61.267315
738.858032	-61.419128
740.203857	-61.602493
741.549683	-61.784950
742.895508	-61.976784
744.241333	-62.186722
745.587158	-62.411686
746.932983	-62.670948
748.278809	-62.929451
749.624634	-63.167027
750.970459	-63.445332
752.316284	-63.748219
753.662109	-64.052498
755.007935	-64.354683
756.353760	-64.613396
757.699585	-64.894196
759.045410	-65.170242
760.391235	-65.440475
761.737061	-65.655418
763.082886	-65.891830
764.428711	-66.079460
765.774536	-66.235847
767.120361	-66.330948
768.466187	-66.432213
769.812012	-66.474129
771.157837	-66.436523
772.503662	-66.333099
773.849487	-66.234276
775.195312	-66.076973
776.541138	-65.961746
777.886963	-65.808807
779.232788	-65.602081
780.578613	-65.434853
781.924438	-65.204094
783.270264	-65.007744
784.616089	-64.840553
785.961914	-64.663177
787.307739	-64.485924
788.653564	-64.333015
789.999390	-64.206215
791.345215	-64.081749
792.691040	-63.972012
794.036865	-63.863758
795.382690	-63.776211
796.728516	-63.731800
798.074341	-63.706001
799.420166	-63.677036
800.765991	-63.655849
802.111816	-63.659264
803.457642	-63.690975
804.803467	-63.734848
806.149292	-63.794643
807.495117	-63.863194
808.840942	-63.944679
810.186768	-64.046440
811.532593	-64.180504
812.878418	-64.316605
814.224243	-64.442017
815.570068	-64.597885
816.915894	-64.727516
818.261719	-64.871872
819.607544	-65.005272
820.953369	-65.152412
822.299194	-65.253983
823.645020	-65.352600
824.990845	-65.427917
826.336670	-65.510292
827.682495	-65.512398
829.028320	-65.465408
830.374146	-65.493607
831.719971	-65.394226
833.065796	-65.269867
834.411621	-65.093468
835.757446	-64.953995
837.103271	-64.650421
838.449097	-64.377655
839.794922	-64.067711
841.140747	-63.751671
842.486572	-63.436726
843.832397	-63.083450
845.178223	-62.713627
846.524048	-62.369629
847.869873	-62.080967
849.215698	-61.745781
850.561523	-61.368782
851.907349	-61.038483
853.253174	-60.755253
854.598999	-60.468166
855.944824	-60.199532
857.290649	-59.952679
858.636475	-59.722359
859.982300	-59.500790
861.328125	-59.277508
862.673950	-59.081654
864.019775	-58.905365
865.365601	-58.734940
866.711426	-58.568069
868.057251	-58.416401
869.403076	-58.286709
870.748901	-58.152321
872.094727	-58.012844
873.440552	-57.884380
874.786377	-57.789150
876.132202	-57.680740
877.478027	-57.558750
878.823853	-57.423550
880.169678	-57.271721
881.515503	-57.084892
882.861328	-56.923698
884.207153	-56.705318
885.552979	-56.441029
886.898804	-56.128132
888.244629	-55.756451
889.590454	-55.355518
890.936279	-54.918179
892.282104	-54.339218
893.627930	-53.774876
894.973755	-53.163685
896.319580	-52.486443
897.665405	-51.828522
899.011230	-51.162144
900.357056	-50.478634
901.702881	-49.908409
903.048706	-49.407444
904.394531	-49.021935
905.740356	-48.749390
907.086182	-48.574062
908.432007	-48.545315
909.777832	-48.646755
911.123657	-48.832031
912.469482	-49.086552
913.815308	-49.424629
915.161133	-49.800865
916.506958	-50.198097
917.852783	-50.623970
919.198608	-51.063217
920.544434	-51.510334
921.890259	-51.974602
923.236084	-52.436398
924.581909	-52.898586
925.927734	-53.360096
927.273560	-53.814976
928.619385	-54.290070
929.965210	-54.770336
931.311035	-55.229187
932.656860	-55.709793
934.002686	-56.189663
935.348511	-56.636497
936.694336	-57.116390
938.040161	-57.596058
939.385986	-58.045773
940.731812	-58.487564
942.077637	-58.907543
943.423462	-59.318836
944.769287	-59.744537
946.115112	-60.078972
947.460938	-60.447918
948.806763	-60.735226
950.152588	-60.996193
951.498413	-61.232601
952.844238	-61.427147
954.190063	-61.534019
955.535889	-61.610851
956.881714	-61.678707
958.227539	-61.682682
959.573364	-61.666859
960.919189	-61.638378
962.265015	-61.580238
963.610840	-61.530762
964.956665	-61.439880
966.302490	-61.361351
967.648315	-61.300991
968.994141	-61.225952
970.339966	-61.162903
971.685791	-61.120644
973.031616	-61.069290
974.377441	-61.044044
975.723267	-61.029224
977.069092	-61.026024
978.414917	-61.038879
979.760742	-61.074497
981.106567	-61.128872
982.452393	-61.194508
983.798218	-61.269199
985.144043	-61.361000
986.489868	-61.475441
987.835693	-61.606567
989.181519	-61.753929
990.527344	-61.925148
991.873169	-62.107185
993.218994	-62.285122
994.564819	-62.491482
995.910645	-62.717819
997.256470	-62.936802
998.602295	-63.185101
999.948120	-63.428925
1001.293945	-63.674259
1002.639771	-63.910744
1003.985596	-64.136261
1005.331421	-64.385422
1006.677246	-64.588303
1008.023071	-64.765656
1009.368896	-64.899605
1010.714722	-65.037285
1012.060547	-65.107582
1013.406372	-65.118736
1014.752197	-65.094185
1016.098022	-65.089516
1017.443848	-64.992737
1018.789673	-64.845848
1020.135498	-64.668640
1021.481323	-64.470795
1022.827148	-64.306305
1024.172974	-64.070038
1025.518799	-63.832790
1026.864624	-63.598438
1028.210449	-63.378983
1029.556274	-63.135674
1030.902100	-62.931774
1032.247925	-62.728111
1033.593750	-62.503010
1034.939575	-62.315567
1036.285400	-62.152184
1037.631226	-61.988338
1038.977051	-61.836647
1040.322876	-61.701324
1041.668701	-61.596008
1043.014526	-61.515427
1044.360352	-61.438568
1045.706177	-61.369625
1047.052002	-61.330250
1048.397827	-61.304062
1049.743652	-61.293957
1051.089478	-61.305813
1052.435303	-61.337070
1053.781128	-61.381622
1055.126953	-61.439289
1056.472778	-61.514595
1057.818604	-61.591930
1059.164429	-61.671787
1060.510254	-61.760406
1061.856079	-61.854973
1063.201904	-61.929447
1064.547729	-62.020473
1065.893555	-62.104084
1067.239380	-62.186630
1068.585205	-62.222958
1069.931030	-62.230587
1071.276855	-62.206478
1072.622681	-62.183960
1073.968506	-62.072330
1075.314331	-61.926571
1076.660156	-61.734646
1078.005981	-61.483608
1079.351807	-61.214447
1080.697632	-60.883892
1082.043457	-60.531124
1083.389282	-60.151924
1084.735107	-59.756390
1086.080933	-59.357815
1087.426758	-58.925686
1088.772583	-58.491737
1090.118408	-58.062088
1091.464233	-57.626896
1092.810059	-57.204834
1094.155884	-56.786583
1095.501709	-56.368530
1096.847534	-55.957073
1098.193359	-55.563976
1099.539185	-55.181587
1100.885010	-54.794060
1102.230835	-54.415901
1103.576660	-54.055267
1104.922485	-53.700771
1106.268311	-53.349670
1107.614136	-53.012249
1108.959961	-52.686749
1110.305786	-52.366016
1111.651611	-52.052277
1112.997437	-51.746628
1114.343262	-51.436157
1115.689087	-51.133873
1117.034912	-50.853851
1118.380737	-50.575695
1119.726562	-50.278629
1121.072388	-49.986122
1122.418213	-49.711067
1123.764038	-49.453270
1125.109863	-49.201706
1126.455688	-48.952755
1127.801514	-48.734882
1129.147339	-48.543236
1130.493164	-48.387894
1131.838989	-48.295391
1133.184814	-48.263981
1134.530640	-48.298527
1135.876465	-48.424347
1137.222290	-48.605305
1138.568115	-48.854702
1139.913940	-49.142300
1141.259766	-49.460045
1142.605591	-49.805420
1143.951416	-50.137848
1145.297241	-50.470417
1146.643066	-50.788971
1147.988892	-51.106960
1149.334717	-51.415489
1150.680542	-51.703415
1152.026367	-51.987930
1153.372192	-52.278366
1154.718018	-52.565422
1156.063843	-52.840141
1157.409668	-53.111897
1158.755493	-53.394348
1160.101318	-53.680641
1161.447144	-53.969040
1162.792969	-54.256451
1164.138794	-54.551941
1165.484619	-54.866444
1166.830444	-55.186497
1168.176270	-55.510883
1169.522095	-55.839874
1170.867920	-56.171890
1172.213745	-56.512260
1173.559570	-56.863483
1174.905396	-57.224934
1176.251221	-57.599041
1177.597046	-57.987610
1178.942871	-58.373569
1180.288696	-58.763107
1181.634521	-59.158649
1182.980347	-59.549831
1184.326172	-59.952263
1185.671997	-60.335651
1187.017822	-60.715160
1188.363647	-61.092060
1189.709473	-61.432640
1191.055298	-61.769707
1192.401123	-62.115303
1193.746948	-62.357841
1195.092773	-62.579670
1196.438599	-62.777569
1197.784424	-62.917984
1199.130249	-63.019642
1200.476074	-63.045773
1201.821899	-63.042500
1203.167725	-63.015068
1204.513550	-62.949104
1205.859375	-62.874374
1207.205200	-62.764572
1208.551025	-62.625282
1209.896851	-62.463341
1211.242676	-62.322998
1212.588501	-62.185814
1213.934326	-62.043743
1215.280151	-61.913036
1216.625977	-61.778999
1217.971802	-61.663555
1219.317627	-61.557205
1220.663452	-61.465931
1222.009277	-61.410709
1223.355103	-61.368675
1224.700928	-61.323776
1226.046753	-61.285542
1227.392578	-61.280224
1228.738403	-61.299816
1230.084229	-61.319794
1231.430054	-61.353809
1232.775879	-61.422947
1234.121704	-61.518902
1235.467529	-61.619415
1236.813354	-61.729237
1238.159180	-61.858063
1239.505005	-62.008133
1240.850830	-62.174332
1242.196655	-62.347881
1243.542480	-62.536148
1244.888306	-62.710670
1246.234131	-62.919094
1247.579956	-63.106819
1248.925781	-63.282200
1250.271606	-63.468311
1251.617432	-63.647762
1252.963257	-63.800549
1254.309082	-63.923042
1255.654907	-63.979927
1257.000732	-64.028938
1258.346558	-64.032745
1259.692383	-64.009850
1261.038208	-63.917980
1262.384033	-63.814884
1263.729858	-63.640667
1265.075684	-63.442280
1266.421509	-63.240410
1267.767334	-62.982361
1269.113159	-62.729897
1270.458984	-62.469318
1271.804810	-62.180691
1273.150635	-61.907913
1274.496460	-61.634830
1275.842285	-61.369755
1277.188110	-61.095821
1278.533936	-60.848717
1279.879761	-60.625450
1281.225586	-60.395317
1282.571411	-60.187214
1283.917236	-60.000835
1285.263062	-59.824615
1286.608887	-59.660934
1287.954712	-59.515121
1289.300537	-59.393768
1290.646362	-59.286999
1291.992188	-59.189213
1293.338013	-59.100853
1294.683838	-59.032536
1296.029663	-58.982552
1297.375488	-58.949631
1298.721313	-58.931816
1300.067139	-58.919987
1301.412964	-58.936260
1302.758789	-58.951740
1304.104614	-58.965824
1305.450439	-59.001511
1306.796265	-59.030807
1308.142090	-59.060089
1309.487915	-59.087883
1310.833740	-59.105392
1312.179565	-59.102299
1313.525391	-59.080963
1314.871216	-59.023155
1316.217041	-58.936226
1317.562866	-58.813782
1318.908691	-58.632107
1320.254517	-58.421822
1321.600342	-58.150482
1322.946167	-57.823280
1324.291992	-57.438507
1325.637817	-57.022255
1326.983643	-56.567406
1328.329468	-56.080414
1329.675293	-55.562855
1331.021118	-55.014748
1332.366943	-54.443657
1333.712769	-53.860966
1335.058594	-53.275452
1336.404419	-52.680126
1337.750244	-52.083786
1339.096069	-51.479301
1340.441895	-50.868416
1341.787720	-50.264469
1343.133545	-49.666466
1344.479370	-49.068012
1345.825195	-48.475628
1347.171021	-47.899410
1348.516846	-47.339100
1349.862671	-46.804779
1351.208496	-46.308357
1352.554321	-45.861130
1353.900146	-45.478004
1355.245972	-45.171665
1356.591797	-44.970501
1357.937622	-44.888485
1359.283447	-44.935905
1360.629272	-45.112404
1361.975098	-45.409145
1363.320923	-45.809399
1364.666748	-46.304935
1366.012573	-46.876953
1367.358398	-47.512089
1368.704224	-48.173176
1370.050049	-48.862347
1371.395874	-49.541836
1372.741699	-50.206032
1374.087524	-50.862804
1375.433350	-51.492363
1376.779175	-52.080711
1378.125000	-52.638443
1379.470825	-53.139408
1380.816650	-53.583069
1382.162476	-53.984936
1383.508301	-54.318306
1384.854126	-54.612694
1386.199951	-54.853237
1387.545776	-55.044533
1388.891602	-55.211254
1390.237427	-55.328400
1391.583252	-55.429768
1392.929077	-55.502663
1394.274902	-55.560028
1395.620728	-55.617382
1396.966553	-55.665867
1398.312378	-55.706203
1399.658203	-55.763515
1401.004028	-55.812305
1402.349854	-55.876232
1403.695679	-55.949425
1405.041504	-56.022369
1406.387329	-56.109570
1407.733154	-56.215679
1409.078979	-56.334995
1410.424805	-56.463669
1411.770630	-56.608910
1413.116455	-56.763077
1414.462280	-56.925636
1415.808105	-57.110542
1417.153931	-57.317142
1418.499756	-57.536648
1419.845581	-57.767677
1421.191406	-58.010971
1422.537231	-58.262199
1423.883057	-58.524204
1425.228882	-58.803120
1426.574707	-59.093533
1427.920532	-59.381935
1429.266357	-59.678802
1430.612183	-59.973461
1431.958008	-60.283020
1433.303833	-60.568844
1434.649658	-60.874901
1435.995483	-61.137730
1437.341309	-61.349430
1438.687134	-61.583652
1440.032959	-61.772385
1441.378784	-61.898396
1442.724609	-62.000755
1444.070435	-62.043755
1445.416260	-62.075924
1446.762085	-62.038616
1448.107910	-61.952148
1449.453735	-61.847580
1450.799561	-61.728844
1452.145386	-61.576237
1453.491211	-61.411793
1454.837036	-61.219315
1456.182861	-61.031818
1457.528687	-60.849430
1458.874512	-60.669945
1460.220337	-60.474781
1461.566162	-60.302837
1462.911987	-60.161079
1464.257812	-60.015438
1465.603638	-59.881989
1466.949463	-59.775909
1468.295288	-59.683598
1469.641113	-59.595387
1470.986938	-59.530304
1472.332764	-59.490147
1473.678589	-59.467598
1475.024414	-59.457798
1476.370239	-59.461155
1477.716064	-59.476608
1479.061890	-59.511204
1480.407715	-59.574516
1481.753540	-59.644947
1483.099365	-59.726807
1484.445190	-59.843513
1485.791016	-59.974449
1487.136841	-60.102337
1488.482666	-60.237507
1489.828491	-60.383888
1491.174316	-60.522797
1492.520142	-60.695553
1493.865967	-60.847275
1495.211792	-60.996822
1496.557617	-61.134964
1497.903442	-61.236835
1499.249268	-61.340172
1500.595093	-61.399216
1501.940918	-61.411175
1503.286743	-61.398342
1504.632568	-61.339752
1505.978394	-61.252293
1507.324219	-61.085941
1508.670044	-60.908470
1510.015869	-60.664986
1511.361694	-60.416546
1512.707520	-60.137104
1514.053345	-59.827862
1515.399170	-59.513950
1516.744995	-59.191669
1518.090820	-58.858498
1519.436646	-58.526775
1520.782471	-58.195934
1522.128296	-57.879829
1523.474121	-57.576298
1524.819946	-57.270363
1526.165771	-56.975155
1527.511597	-56.696903
1528.857422	-56.440430
1530.203247	-56.188419
1531.549072	-55.942520
1532.894897	-55.719246
1534.240723	-55.513969
1535.586548	-55.323673
1536.932373	-55.148632
1538.278198	-54.984596
1539.624023	-54.842091
1540.969849	-54.709034
1542.315674	-54.575596
1543.661499	-54.449276
1545.007324	-54.342163
1546.353149	-54.260048
1547.698975	-54.175041
1549.044800	-54.098610
1550.390625	-54.015476
1551.736450	-53.936871
1553.082275	-53.857849
1554.428101	-53.765198
1555.773926	-53.661011
1557.119751	-53.532928
1558.465576	-53.385986
1559.811401	-53.200428
1561.157227	-52.991615
1562.503052	-52.714275
1563.848877	-52.403275
1565.194702	-52.013451
1566.540527	-51.573704
1567.886353	-51.080925
1569.232178	-50.512619
1570.578003	-49.903984
1571.923828	-49.247311
1573.269653	-48.556858
1574.615479	-47.832348
1575.961304	-47.090889
1577.307129	-46.353718
1578.652954	-45.632137
1579.998779	-44.946407
1581.344604	-44.315350
1582.690430	-43.771004
1584.036255	-43.336182
1585.382080	-43.026428
1586.727905	-42.856472
1588.073730	-42.819981
1589.419556	-42.914101
1590.765381	-43.124062
1592.111206	-43.426247
1593.457031	-43.804874
1594.802856	-44.238503
1596.148682	-44.712742
1597.494507	-45.217487
1598.840332	-45.736736
1600.186157	-46.265400
1601.531982	-46.806511
1602.877808	-47.356277
1604.223633	-47.912220
1605.569458	-48.464123
1606.915283	-49.015789
1608.261108	-49.573032
1609.606934	-50.130230
1610.952759	-50.683807
1612.298584	-51.230816
1613.644409	-51.765820
1614.990234	-52.297878
1616.336060	-52.820118
1617.681885	-53.325867
1619.027710	-53.810844
1620.373535	-54.268349
1621.719360	-54.698311
1623.065186	-55.090897
1624.411011	-55.436424
1625.756836	-55.734581
1627.102661	-55.996288
1628.448486	-56.187260
1629.794312	-56.355865
1631.140137	-56.472015
1632.485962	-56.540791
1633.831787	-56.579929
1635.177612	-56.592716
1636.523438	-56.569687
1637.869263	-56.530685
1639.215088	-56.480804
1640.560913	-56.427509
1641.906738	-56.374180
1643.252563	-56.317162
1644.598389	-56.271130
1645.944214	-56.225056
1647.290039	-56.187103
1648.635864	-56.166073
1649.981689	-56.152695
1651.327515	-56.156635
1652.673340	-56.172016
1654.019165	-56.206905
1655.364990	-56.259460
1656.710815	-56.320976
1658.056641	-56.402668
1659.402466	-56.501781
1660.748291	-56.619835
1662.094116	-56.751137
1663.439941	-56.893108
1664.785767	-57.054688
1666.131592	-57.237034
1667.477417	-57.428940
1668.823242	-57.632652
1670.169067	-57.848301
1671.514893	-58.080856
1672.860718	-58.327648
1674.206543	-58.574894
1675.552368	-58.818584
1676.898193	-59.070049
1678.244019	-59.322559
1679.589844	-59.552891
1680.935669	-59.769363
1682.281494	-59.979637
1683.627319	-60.161301
1684.973145	-60.307487
1686.318970	-60.421024
1687.664795	-60.488358
1689.010620	-60.514885
1690.356445	-60.483562
1691.702271	-60.440598
1693.048096	-60.341667
1694.393921	-60.200790
1695.739746	-60.043900
1697.085571	-59.849651
1698.431396	-59.645290
1699.777222	-59.423405
1701.123047	-59.188080
1702.468872	-58.956154
1703.814697	-58.737568
1705.160522	-58.519276
1706.506348	-58.295906
1707.852173	-58.097225
1709.197998	-57.910313
1710.543823	-57.727406
1711.889648	-57.560440
1713.235474	-57.409630
1714.581299	-57.284946
1715.927124	-57.171150
1717.272949	-57.070332
1718.618774	-56.995506
1719.964600	-56.939339
1721.310425	-56.891586
1722.656250	-56.857944
1724.002075	-56.841484
1725.347900	-56.845085
1726.693726	-56.869659
1728.039551	-56.910984
1729.385376	-56.968723
1730.731201	-57.035500
1732.077026	-57.106110
1733.422852	-57.194508
1734.768677	-57.296555
1736.114502	-57.396156
1737.460327	-57.494854
1738.806152	-57.608601
1740.151978	-57.707794
1741.497803	-57.787224
1742.843628	-57.855011
1744.189453	-57.900265
1745.535278	-57.904465
1746.881104	-57.889099
1748.226929	-57.833954
1749.572754	-57.723682
1750.918579	-57.571598
1752.264404	-57.370438
1753.610229	-57.130764
1754.956055	-56.852718
1756.301880	-56.532951
1757.647705	-56.188881
1758.993530	-55.805592
1760.339355	-55.422890
1761.685181	-55.013470
1763.031006	-54.605743
1764.376831	-54.184406
1765.722656	-53.765820
1767.068481	-53.351334
1768.414307	-52.939003
1769.760132	-52.538902
1771.105957	-52.145180
1772.451782	-51.752323
1773.797607	-51.373955
1775.143433	-51.021137
1776.489258	-50.671364
1777.835083	-50.321266
1779.180908	-49.976292
1780.526733	-49.650532
1781.872559	-49.337021
1783.218384	-49.030869
1784.564209	-48.729919
1785.910034	-48.435818
1787.255859	-48.153465
1788.601685	-47.880962
1789.947510	-47.611408
1791.293335	-47.349243
1792.639160	-47.089756
1793.984985	-46.831169
1795.330811	-46.577816
1796.676636	-46.324245
1798.022461	-46.067822
1799.368286	-45.818722
1800.714111	-45.570370
1802.059937	-45.316044
1803.405762	-45.062950
1804.751587	-44.813374
1806.097412	-44.579899
1807.443237	-44.366058
1808.789062	-44.178272
1810.134888	-44.043415
1811.480713	-43.971634
1812.826538	-43.954300
1814.172363	-44.016678
1815.518188	-44.138393
1816.864014	-44.314320
1818.209839	-44.526367
1819.555664	-44.764748
1820.901489	-45.016209
1822.247314	-45.280598
1823.593140	-45.547325
1824.938965	-45.808285
1826.284790	-46.065384
1827.630615	-46.323124
1828.976440	-46.576542
1830.322266	-46.827351
1831.668091	-47.075626
1833.013916	-47.324680
1834.359741	-47.577358
1835.705566	-47.831493
1837.051392	-48.087902
1838.397217	-48.351940
1839.743042	-48.622822
1841.088867	-48.897934
1842.434692	-49.180023
1843.780518	-49.471931
1845.126343	-49.773205
1846.472168	-50.084000
1847.817993	-50.401649
1849.163818	-50.726280
1850.509644	-51.065529
1851.855469	-51.419395
1853.201294	-51.774094
1854.547119	-52.136211
1855.892944	-52.506657
1857.238770	-52.883514
1858.584595	-53.267975
1859.930420	-53.635513
1861.276245	-54.014114
1862.622070	-54.384945
1863.967896	-54.744278
1865.313721	-55.084934
1866.659546	-55.398933
1868.005371	-55.689255
1869.351196	-55.938835
1870.697021	-56.145309
1872.042847	-56.325916
1873.388672	-56.447609
1874.734497	-56.535538
1876.080322	-56.567219
1877.426147	-56.566849
1878.771973	-56.528179
1880.117798	-56.459160
1881.463623	-56.371006
1882.809448	-56.265247
1884.155273	-56.144127
1885.501099	-56.012844
1886.846924	-55.888550
1888.192749	-55.762745
1889.538574	-55.639282
1890.884399	-55.530182
1892.230225	-55.422276
1893.576050	-55.334766
1894.921875	-55.262165
1896.267700	-55.199158
1897.613525	-55.151253
1898.959351	-55.120472
1900.305176	-55.108181
1901.651001	-55.113220
1902.996826	-55.132439
1904.342651	-55.166733
1905.688477	-55.218971
1907.034302	-55.288414
1908.380127	-55.377052
1909.725952	-55.484749
1911.071777	-55.606960
1912.417603	-55.743660
1913.763428	-55.891964
1915.109253	-56.060623
1916.455078	-56.241066
1917.800903	-56.430683
1919.146729	-56.631382
1920.492554	-56.837395
1921.838379	-57.039291
1923.184204	-57.244431
1924.530029	-57.446999
1925.875854	-57.636169
1927.221680	-57.804077
1928.567505	-57.942440
1929.913330	-58.068340
1931.259155	-58.158627
1932.604980	-58.192028
1933.950806	-58.209385
1935.296631	-58.156464
1936.642456	-58.063343
1937.988281	-57.939667
1939.334106	-57.774212
1940.679932	-57.576000
1942.025757	-57.355213
1943.371582	-57.110027
1944.717407	-56.847473
1946.063232	-56.585178
1947.409058	-56.308037
1948.754883	-56.024094
1950.100708	-55.762817
1951.446533	-55.497967
1952.792358	-55.243900
1954.138184	-55.002823
1955.484009	-54.770493
1956.829834	-54.552273
1958.175659	-54.347893
1959.521484	-54.162792
1960.867310	-53.992538
1962.213135	-53.834698
1963.558960	-53.696079
1964.904785	-53.580383
1966.250610	-53.478336
1967.596436	-53.391670
1968.942261	-53.320946
1970.288086	-53.265099
1971.633911	-53.223255
1972.979736	-53.199986
1974.325562	-53.186520
1975.671387	-53.190323
1977.017212	-53.204659
1978.363037	-53.223141
1979.708862	-53.259384
1981.054688	-53.292027
1982.400513	-53.330307
1983.746338	-53.361061
1985.092163	-53.393402
1986.437988	-53.421452
1987.783813	-53.420330
1989.129639	-53.385750
1990.475464	-53.348621
1991.821289	-53.236195
1993.167114	-53.123993
1994.512939	-52.939835
1995.858765	-52.713589
1997.204590	-52.449028
1998.550415	-52.123241
1999.896240	-51.747448
2001.242065	-51.339226
2002.587891	-50.882511
2003.933716	-50.413410
2005.279541	-49.909245
2006.625366	-49.378723
2007.971191	-48.835590
2009.317017	-48.280933
2010.662842	-47.723248
2012.008667	-47.161732
2013.354492	-46.600140
2014.700317	-46.026432
2016.046143	-45.460499
2017.391968	-44.903641
2018.737793	-44.344872
2020.083618	-43.795029
2021.429443	-43.256050
2022.775269	-42.727524
2024.121094	-42.213932
2025.466919	-41.718338
2026.812744	-41.244667
2028.158569	-40.805157
2029.504395	-40.412086
2030.850220	-40.075611
2032.196045	-39.806839
2033.541870	-39.622612
2034.887695	-39.536419
2036.233521	-39.552811
2037.579346	-39.676792
2038.925171	-39.913460
2040.270996	-40.248249
2041.616821	-40.676487
2042.962646	-41.179329
2044.308472	-41.733631
2045.654297	-42.327751
2047.000122	-42.942722
2048.345947	-43.562325
2049.691772	-44.178158
2051.037598	-44.770947
2052.383423	-45.326557
2053.729248	-45.856628
2055.075073	-46.341438
2056.420898	-46.756859
2057.766724	-47.138489
2059.112549	-47.472881
2060.458374	-47.742649
2061.804199	-47.974251
2063.150024	-48.162136
2064.495850	-48.308563
2065.841675	-48.434956
2067.187500	-48.530075
2068.533325	-48.607719
2069.879150	-48.675697
2071.224976	-48.729851
2072.570801	-48.787117
2073.916626	-48.844620
2075.262451	-48.897961
2076.608276	-48.959877
2077.954102	-49.029037
2079.299927	-49.107368
2080.645752	-49.195877
2081.991577	-49.293503
2083.337402	-49.408436
2084.683228	-49.539982
2086.029053	-49.677437
2087.374878	-49.828102
2088.720703	-49.998230
2090.066528	-50.179367
2091.412354	-50.375217
2092.758179	-50.587147
2094.104004	-50.810921
2095.449829	-51.052593
2096.795654	-51.307449
2098.141479	-51.577179
2099.487305	-51.853256
2100.833130	-52.141907
2102.178955	-52.443653
2103.524780	-52.744694
2104.870605	-53.055897
2106.216431	-53.368935
2107.562256	-53.675316
2108.908081	-53.961617
2110.253906	-54.249683
2111.599731	-54.513805
2112.945557	-54.761890
2114.291382	-54.949921
2115.637207	-55.135254
2116.983032	-55.258163
2118.328857	-55.351509
2119.674683	-55.397095
2121.020508	-55.389603
2122.366333	-55.352253
2123.712158	-55.273411
2125.057983	-55.164940
2126.403809	-55.030212
2127.749634	-54.869553
2129.095459	-54.702988
2130.441284	-54.523716
2131.787109	-54.339016
2133.132935	-54.158253
2134.478760	-53.989838
2135.824585	-53.823921
2137.170410	-53.662083
2138.516235	-53.514301
2139.862061	-53.381992
2141.207886	-53.261475
2142.553711	-53.157223
2143.899536	-53.071186
2145.245361	-53.004398
2146.591187	-52.954571
2147.937012	-52.917782
2149.282837	-52.897907
2150.628662	-52.898716
2151.974487	-52.918411
2153.320312	-52.952816
2154.666138	-53.004986
2156.011963	-53.074287
2157.357788	-53.159668
2158.703613	-53.258141
2160.049438	-53.373005
2161.395264	-53.503220
2162.741089	-53.642612
2164.086914	-53.792210
2165.432739	-53.949600
2166.778564	-54.106731
2168.124390	-54.271847
2169.470215	-54.424488
2170.816040	-54.567890
2172.161865	-54.706406
2173.507690	-54.812119
2174.853516	-54.896076
2176.199341	-54.943607
2177.545166	-54.956646
2178.890991	-54.930687
2180.236816	-54.853989
2181.582642	-54.743988
2182.928467	-54.574490
2184.274292	-54.380451
2185.620117	-54.145927
2186.965942	-53.888634
2188.311768	-53.595207
2189.657593	-53.291653
2191.003418	-52.969383
2192.349243	-52.645107
2193.695068	-52.316742
2195.040894	-51.993500
2196.386719	-51.674389
2197.732544	-51.361526
2199.078369	-51.056301
2200.424194	-50.765842
2201.770020	-50.488724
2203.115845	-50.222157
2204.461670	-49.969707
2205.807495	-49.731880
2207.153320	-49.510490
2208.499146	-49.302361
2209.844971	-49.110428
2211.190796	-48.932835
2212.536621	-48.773281
2213.882446	-48.625523
2215.228271	-48.491482
2216.574097	-48.370007
2217.919922	-48.263298
2219.265747	-48.167160
2220.611572	-48.082428
2221.957397	-48.009331
2223.303223	-47.941780
2224.649048	-47.883659
2225.994873	-47.825817
2227.340698	-47.767460
2228.686523	-47.707832
2230.032349	-47.636013
2231.378174	-47.552620
2232.723999	-47.450859
2234.069824	-47.317947
2235.415649	-47.156879
2236.761475	-46.952003
2238.107300	-46.709114
2239.453125	-46.397640
2240.798950	-46.045193
2242.144775	-45.637165
2243.490601	-45.163662
2244.836426	-44.641251
2246.182251	-44.067314
2247.528076	-43.450607
2248.873901	-42.800182
2250.219727	-42.128456
2251.565552	-41.424683
2252.911377	-40.718697
2254.257202	-40.030453
2255.603027	-39.350769
2256.948853	-38.705025
2258.294678	-38.113518
2259.640503	-37.584236
2260.986328	-37.144661
2262.332153	-36.808777
2263.677979	-36.583862
2265.023804	-36.478695
2266.369629	-36.491512
2267.715454	-36.614365
2269.061279	-36.834057
2270.407104	-37.137794
2271.752930	-37.511112
2273.098755	-37.934891
2274.444580	-38.399014
2275.790405	-38.894737
2277.136230	-39.412926
2278.482056	-39.947979
2279.827881	-40.492558
2281.173706	-41.044010
2282.519531	-41.604794
2283.865356	-42.169819
2285.211182	-42.732311
2286.557007	-43.287651
2287.902832	-43.849869
2289.248657	-44.402897
2290.594482	-44.940861
2291.940308	-45.470634
2293.286133	-45.986702
2294.631958	-46.466427
2295.977783	-46.921650
2297.323608	-47.344860
2298.669434	-47.735493
2300.015259	-48.083637
2301.361084	-48.377796
2302.706909	-48.622673
2304.052734	-48.819595
2305.398560	-48.973537
2306.744385	-49.077209
2308.090210	-49.145348
2309.436035	-49.173649
2310.781860	-49.185204
2312.127686	-49.165314
2313.473511	-49.134209
2314.819336	-49.088818
2316.165161	-49.039814
2317.510986	-48.992378
2318.856812	-48.947945
2320.202637	-48.905685
2321.548462	-48.870693
2322.894287	-48.847210
2324.240112	-48.833736
2325.585938	-48.832939
2326.931763	-48.847733
2328.277588	-48.873596
2329.623413	-48.918385
2330.969238	-48.979908
2332.315063	-49.054276
2333.660889	-49.146095
2335.006714	-49.255177
2336.352539	-49.378525
2337.698364	-49.518101
2339.044189	-49.673603
2340.390015	-49.844971
2341.735840	-50.032024
2343.081665	-50.236404
2344.427490	-50.450653
2345.773315	-50.675617
2347.119141	-50.913746
2348.464966	-51.157906
2349.810791	-51.414280
2351.156616	-51.667381
2352.502441	-51.921738
2353.848267	-52.173088
2355.194092	-52.407574
2356.539917	-52.632942
2357.885742	-52.828033
2359.231567	-53.000416
2360.577393	-53.138706
2361.923218	-53.237766
2363.269043	-53.297375
2364.614868	-53.315865
2365.960693	-53.278687
2367.306519	-53.207615
2368.652344	-53.098293
2369.998169	-52.954285
2371.343994	-52.785347
2372.689819	-52.589867
2374.035645	-52.378651
2375.381470	-52.159634
2376.727295	-51.937336
2378.073120	-51.711800
2379.418945	-51.490540
2380.764771	-51.274773
2382.110596	-51.069313
2383.456421	-50.872211
2384.802246	-50.688061
2386.148071	-50.520844
2387.493896	-50.368637
2388.839722	-50.234161
2390.185547	-50.112644
2391.531372	-50.007221
2392.877197	-49.920227
2394.223022	-49.851955
2395.568848	-49.801418
2396.914673	-49.767719
2398.260498	-49.749729
2399.606323	-49.749371
2400.952148	-49.765320
2402.297974	-49.799862
2403.643799	-49.851826
2404.989624	-49.915726
2406.335449	-49.995358
2407.681274	-50.081161
2409.027100	-50.181820
2410.372925	-50.286388
2411.718750	-50.396931
2413.064575	-50.509647
2414.410400	-50.620323
2415.756226	-50.723759
2417.102051	-50.805759
2418.447876	-50.880451
2419.793701	-50.917107
2421.139526	-50.932617
2422.485352	-50.907234
2423.831177	-50.842361
2425.177002	-50.728180
2426.522827	-50.581917
2427.868652	-50.362003
2429.214478	-50.129871
2430.560303	-49.845943
2431.906128	-49.526558
2433.251953	-49.189266
2434.597778	-48.820343
2435.943604	-48.435551
2437.289429	-48.050335
2438.635254	-47.650116
2439.981079	-47.258514
2441.326904	-46.860699
2442.672729	-46.467381
2444.018555	-46.086308
2445.364380	-45.702942
2446.710205	-45.333851
2448.056030	-44.983723
2449.401855	-44.634007
2450.747681	-44.301384
2452.093506	-43.979301
2453.439331	-43.671253
2454.785156	-43.379044
2456.130981	-43.091335
2457.476807	-42.816269
2458.822632	-42.556690
2460.168457	-42.304108
2461.514282	-42.060818
2462.860107	-41.830910
2464.205933	-41.612038
2465.551758	-41.396103
2466.897583	-41.188744
2468.243408	-40.990314
2469.589233	-40.793362
2470.935059	-40.598427
2472.280884	-40.408543
2473.626709	-40.213806
2474.972534	-40.014065
2476.318359	-39.810352
2477.664185	-39.594242
2479.010010	-39.365166
2480.355835	-39.120186
2481.701660	-38.866520
2483.047485	-38.592827
2484.393311	-38.312946
2485.739136	-38.041904
2487.084961	-37.782688
2488.430786	-37.546898
2489.776611	-37.367229
2491.122437	-37.233360
2492.468262	-37.157635
2493.814087	-37.138779
2495.159912	-37.184216
2496.505737	-37.277138
2497.851562	-37.401817
2499.197388	-37.563393
2500.543213	-37.753731
2501.889038	-37.957531
2503.234863	-38.179523
2504.580688	-38.410091
2505.926514	-38.650429
2507.272339	-38.901688
2508.618164	-39.156200
2509.963989	-39.416622
2511.309814	-39.685623
2512.655640	-39.965469
2514.001465	-40.249905
2515.347290	-40.541245
2516.693115	-40.842407
2518.038940	-41.150635
2519.384766	-41.469254
2520.730591	-41.795040
2522.076416	-42.128704
2523.422241	-42.479256
2524.768066	-42.836998
2526.113892	-43.201340
2527.459717	-43.572342
2528.805542	-43.948494
2530.151367	-44.345661
2531.497192	-44.744431
2532.843018	-45.128189
2534.188843	-45.530842
2535.534668	-45.935570
2536.880493	-46.319893
2538.226318	-46.698826
2539.572144	-47.073925
2540.917969	-47.413307
2542.263794	-47.732571
2543.609619	-48.027222
2544.955444	-48.269058
2546.301270	-48.485531
2547.647095	-48.649029
2548.992920	-48.767136
2550.338745	-48.845310
2551.684570	-48.869347
2553.030396	-48.865753
2554.376221	-48.819561
2555.722046	-48.747829
2557.067871	-48.660702
2558.413696	-48.553883
2559.759521	-48.438034
2561.105347	-48.311192
2562.451172	-48.189884
2563.796997	-48.067997
2565.142822	-47.955204
2566.488647	-47.849163
2567.834473	-47.755695
2569.180298	-47.674034
2570.526123	-47.605396
2571.871948	-47.551979
2573.217773	-47.515953
2574.563599	-47.494804
2575.909424	-47.490791
2577.255249	-47.502460
2578.601074	-47.532894
2579.946899	-47.580223
2581.292725	-47.644466
2582.638550	-47.724125
2583.984375	-47.823784
2585.330200	-47.940071
2586.676025	-48.071064
2588.021851	-48.218697
2589.367676	-48.381119
2590.713501	-48.556225
2592.059326	-48.740749
2593.405151	-48.940105
2594.750977	-49.147552
2596.096802	-49.354702
2597.442627	-49.566376
2598.788452	-49.775505
2600.134277	-49.973198
2601.480103	-50.161633
2602.825928	-50.329941
2604.171753	-50.470387
2605.517578	-50.581360
2606.863403	-50.659504
2608.209229	-50.686195
2609.555054	-50.678703
2610.900879	-50.627148
2612.246704	-50.530834
2613.592529	-50.391163
2614.938354	-50.217911
2616.284180	-50.016747
2617.630005	-49.791382
2618.975830	-49.545059
2620.321655	-49.287083
2621.667480	-49.021992
2623.013306	-48.756756
2624.359131	-48.493504
2625.704956	-48.233158
2627.050781	-47.980988
2628.396606	-47.741730
2629.742432	-47.511623
2631.088257	-47.295868
2632.434082	-47.093266
2633.779907	-46.904755
2635.125732	-46.735218
2636.471558	-46.583698
2637.817383	-46.447773
2639.163208	-46.326393
2640.509033	-46.222317
2641.854858	-46.136581
2643.200684	-46.067818
2644.546509	-46.013256
2645.892334	-45.977211
2647.238159	-45.955265
2648.583984	-45.950718
2649.929810	-45.959618
2651.275635	-45.982967
2652.621460	-46.013573
2653.967285	-46.057503
2655.313110	-46.109573
2656.658936	-46.161804
2658.004761	-46.219948
2659.350586	-46.273384
2660.696411	-46.319031
2662.042236	-46.357895
2663.388062	-46.367756
2664.733887	-46.359077
2666.079712	-46.322922
2667.425537	-46.237148
2668.771362	-46.124180
2670.117188	-45.956009
2671.463013	-45.741745
2672.808838	-45.478966
2674.154663	-45.180664
2675.500488	-44.811131
2676.846313	-44.427502
2678.192139	-44.019928
2679.537964	-43.558887
2680.883789	-43.099075
2682.229614	-42.617794
2683.575439	-42.121021
2684.921265	-41.625389
2686.267090	-41.121754
2687.612915	-40.624069
2688.958740	-40.133698
2690.304565	-39.639839
2691.650391	-39.152359
2692.996216	-38.678467
2694.342041	-38.210194
2695.687866	-37.754051
2697.033691	-37.316216
2698.379517	-36.892872
2699.725342	-36.480732
2701.071167	-36.086464
2702.416992	-35.718193
2703.762817	-35.374371
2705.108643	-35.059078
2706.454468	-34.781479
2707.800293	-34.544445
2709.146118	-34.355873
2710.491943	-34.219700
2711.837769	-34.141399
2713.183594	-34.131443
2714.529419	-34.190701
2715.875244	-34.321327
2717.221069	-34.521931
2718.566895	-34.790958
2719.912720	-35.118725
2721.258545	-35.489796
2722.604370	-35.901031
2723.950195	-36.341152
2725.296021	-36.794525
2726.641846	-37.249413
2727.987671	-37.693699
2729.333496	-38.114410
2730.679321	-38.514549
2732.025146	-38.879963
2733.370972	-39.194233
2734.716797	-39.474243
2736.062622	-39.718643
2737.408447	-39.925518
2738.754272	-40.103260
2740.100098	-40.247723
2741.445923	-40.370792
2742.791748	-40.468864
2744.137573	-40.559792
2745.483398	-40.639381
2746.829224	-40.716232
2748.175049	-40.790215
2749.520874	-40.867241
2750.866699	-40.942944
2752.212524	-41.030212
2753.558350	-41.124409
2754.904175	-41.223972
2756.250000	-41.336483
2757.595825	-41.460629
2758.941650	-41.595638
2760.287476	-41.746330
2761.633301	-41.909302
2762.979126	-42.081543
2764.324951	-42.272686
2765.670776	-42.481323
2767.016602	-42.696426
2768.362427	-42.924747
2769.708252	-43.174252
2771.054077	-43.432331
2772.399902	-43.704899
2773.745728	-43.991894
2775.091553	-44.287560
2776.437378	-44.594570
2777.783203	-44.903168
2779.129028	-45.217201
2780.474854	-45.541836
2781.820679	-45.859676
2783.166504	-46.176651
2784.512329	-46.477970
2785.858154	-46.768772
2787.203979	-47.029339
2788.549805	-47.267410
2789.895630	-47.473282
2791.241455	-47.640316
2792.587280	-47.763931
2793.933105	-47.842415
2795.278931	-47.879330
2796.624756	-47.872749
2797.970581	-47.823223
2799.316406	-47.744865
2800.662231	-47.631367
2802.008057	-47.500355
2803.353882	-47.348640
2804.699707	-47.185284
2806.045532	-47.012905
2807.391357	-46.840824
2808.737183	-46.674290
2810.083008	-46.512100
2811.428833	-46.357044
2812.774658	-46.212872
2814.120483	-46.082302
2815.466309	-45.967056
2816.812134	-45.866241
2818.157959	-45.779140
2819.503784	-45.708538
2820.849609	-45.657352
2822.195435	-45.622963
2823.541260	-45.605228
2824.887085	-45.604576
2826.232910	-45.621620
2827.578735	-45.657997
2828.924561	-45.710941
2830.270386	-45.780277
2831.616211	-45.867294
2832.962036	-45.970863
2834.307861	-46.088089
2835.653687	-46.220150
2836.999512	-46.365547
2838.345337	-46.520252
2839.691162	-46.684010
2841.036987	-46.854797
2842.382812	-47.028923
2843.728638	-47.202381
2845.074463	-47.362694
2846.420288	-47.520042
2847.766113	-47.659870
2849.111938	-47.769299
2850.457764	-47.854633
2851.803589	-47.907379
2853.149414	-47.917461
2854.495239	-47.882339
2855.841064	-47.805309
2857.186890	-47.694660
2858.532715	-47.528587
2859.878540	-47.328175
2861.224365	-47.093494
2862.570190	-46.837627
2863.916016	-46.556313
2865.261841	-46.264233
2866.607666	-45.956680
2867.953491	-45.647511
2869.299316	-45.337982
2870.645142	-45.032520
2871.990967	-44.729931
2873.336792	-44.442436
2874.682617	-44.162121
2876.028442	-43.889515
2877.374268	-43.635216
2878.720093	-43.395618
2880.065918	-43.170742
2881.411743	-42.960732
2882.757568	-42.767551
2884.103394	-42.590046
2885.449219	-42.429127
2886.795044	-42.283199
2888.140869	-42.153664
2889.486694	-42.037777
2890.832520	-41.939678
2892.178345	-41.855885
2893.524170	-41.786369
2894.869995	-41.728466
2896.215820	-41.683681
2897.561646	-41.652248
2898.907471	-41.623310
2900.253296	-41.607723
2901.599121	-41.593224
2902.944946	-41.580551
2904.290771	-41.564533
2905.636597	-41.535988
2906.982422	-41.508434
2908.328247	-41.450645
2909.674072	-41.364918
2911.019897	-41.254574
2912.365723	-41.108440
2913.711548	-40.921162
2915.057373	-40.669750
2916.403198	-40.387810
2917.749023	-40.051144
2919.094849	-39.645817
2920.440674	-39.215786
2921.786499	-38.765930
2923.132324	-38.264744
2924.478149	-37.727825
2925.823975	-37.178566
2927.169800	-36.618210
2928.515625	-36.053776
2929.861450	-35.494308
2931.207275	-34.974972
2932.553101	-34.486713
2933.898926	-34.039986
2935.244751	-33.641418
2936.590576	-33.288921
2937.936401	-32.979496
2939.282227	-32.713474
2940.628052	-32.509846
2941.973877	-32.374199
2943.319702	-32.308743
2944.665527	-32.316597
2946.011353	-32.395267
2947.357178	-32.539188
2948.703003	-32.741798
2950.048828	-32.995178
2951.394653	-33.291660
2952.740479	-33.619091
2954.086304	-33.974709
2955.432129	-34.361210
2956.777954	-34.779491
2958.123779	-35.227283
2959.469604	-35.700268
2960.815430	-36.199612
2962.161255	-36.717705
2963.507080	-37.240772
2964.852905	-37.758762
2966.198730	-38.270939
2967.544556	-38.768959
2968.890381	-39.237854
2970.236206	-39.679905
2971.582031	-40.119774
2972.927856	-40.542343
2974.273682	-40.905998
2975.619507	-41.219055
2976.965332	-41.490246
2978.311157	-41.725807
2979.656982	-41.912750
2981.002808	-42.052021
2982.348633	-42.142635
2983.694458	-42.207153
2985.040283	-42.239170
2986.386108	-42.243385
2987.731934	-42.236420
2989.077759	-42.211876
2990.423584	-42.175728
2991.769409	-42.142708
2993.115234	-42.109947
2994.461060	-42.081345
2995.806885	-42.055908
2997.152710	-42.039822
2998.498535	-42.037117
2999.844360	-42.047184
3001.190186	-42.066994
3002.536011	-42.104206
3003.881836	-42.155273
3005.227661	-42.222847
3006.573486	-42.305344
3007.919312	-42.403301
3009.265137	-42.517639
3010.610962	-42.648083
3011.956787	-42.796051
3013.302612	-42.961895
3014.648438	-43.140594
3015.994263	-43.336651
3017.340088	-43.548435
3018.685913	-43.771450
3020.031738	-44.011120
3021.377563	-44.261383
3022.723389	-44.521553
3024.069214	-44.786747
3025.415039	-45.056717
3026.760864	-45.334961
3028.106689	-45.601486
3029.452515	-45.863560
3030.798340	-46.123085
3032.144165	-46.349228
3033.489990	-46.558872
3034.835815	-46.737679
3036.181641	-46.879227
3037.527466	-46.984268
3038.873291	-47.040730
3040.219116	-47.062580
3041.564941	-47.032928
3042.910767	-46.967506
3044.256592	-46.862274
3045.602417	-46.728821
3046.948242	-46.568039
3048.294067	-46.386433
3049.639893	-46.194439
3050.985718	-45.990799
3052.331543	-45.785152
3053.677368	-45.580280
3055.023193	-45.384617
3056.369019	-45.195198
3057.714844	-45.012665
3059.060669	-44.844364
3060.406494	-44.690903
3061.752319	-44.549129
3063.098145	-44.423725
3064.443970	-44.317089
3065.789795	-44.226501
3067.135620	-44.153107
3068.481445	-44.096142
3069.827271	-44.059311
3071.173096	-44.038536
3072.518921	-44.034195
3073.864746	-44.047798
3075.210571	-44.080219
3076.556396	-44.129017
3077.902222	-44.194714
3079.248047	-44.274326
3080.593872	-44.368565
3081.939697	-44.478077
3083.285522	-44.597256
3084.631348	-44.724602
3085.977173	-44.861153
3087.322998	-44.996754
3088.668823	-45.140732
3090.014648	-45.273972
3091.360474	-45.400398
3092.706299	-45.513393
3094.052124	-45.599930
3095.397949	-45.662514
3096.743774	-45.692326
3098.089600	-45.684074
3099.435425	-45.625080
3100.781250	-45.535957
3102.127075	-45.389629
3103.472900	-45.205681
3104.818726	-44.982807
3106.164551	-44.715202
3107.510376	-44.431355
3108.856201	-44.119015
3110.202026	-43.785179
3111.547852	-43.437923
3112.893677	-43.081776
3114.239502	-42.729977
3115.585327	-42.372536
3116.931152	-42.023952
3118.276978	-41.677460
3119.622803	-41.342751
3120.968628	-41.017761
3122.314453	-40.702450
3123.660278	-40.403652
3125.006104	-40.117271
3126.351929	-39.844582
3127.697754	-39.587395
3129.043579	-39.343262
3130.389404	-39.114460
3131.735229	-38.901943
3133.081055	-38.702675
3134.426880	-38.516567
3135.772705	-38.345783
3137.118530	-38.186604
3138.464355	-38.040768
3139.810181	-37.907734
3141.156006	-37.789742
3142.501831	-37.678486
3143.847656	-37.574203
3145.193481	-37.483074
3146.539307	-37.403145
3147.885132	-37.319679
3149.230957	-37.238609
3150.576782	-37.140965
3151.922607	-37.034058
3153.268433	-36.913536
3154.614258	-36.770649
3155.960083	-36.625923
3157.305908	-36.455078
3158.651733	-36.266373
3159.997559	-36.056103
3161.343384	-35.832973
3162.689209	-35.588367
3164.035034	-35.337917
3165.380859	-35.082687
3166.726685	-34.815540
3168.072510	-34.540184
3169.418335	-34.285271
3170.764160	-34.056519
3172.109985	-33.871681
3173.455811	-33.731007
3174.801636	-33.638863
3176.147461	-33.582779
3177.493286	-33.569523
3178.839111	-33.589867
3180.184937	-33.639313
3181.530762	-33.720219
3182.876587	-33.838654
3184.222412	-33.984997
3185.568237	-34.160194
3186.914062	-34.367126
3188.259888	-34.602180
3189.605713	-34.867916
3190.951538	-35.164757
3192.297363	-35.481796
3193.643188	-35.809322
3194.989014	-36.147606
3196.334839	-36.493965
3197.680664	-36.842365
3199.026489	-37.195660
3200.372314	-37.565155
3201.718140	-37.962364
3203.063965	-38.374519
3204.409790	-38.785591
3205.755615	-39.193974
3207.101440	-39.608765
3208.447266	-40.038338
3209.793091	-40.460571
3211.138916	-40.897018
3212.484741	-41.307308
3213.830566	-41.699158
3215.176392	-42.095848
3216.522217	-42.463795
3217.868042	-42.799278
3219.213867	-43.090332
3220.559692	-43.362068
3221.905518	-43.587578
3223.251343	-43.753696
3224.597168	-43.889000
3225.942993	-43.979038
3227.288818	-44.014938
3228.634644	-44.023224
3229.980469	-44.001732
3231.326294	-43.952316
3232.672119	-43.879681
3234.017944	-43.801044
3235.363770	-43.706013
3236.709595	-43.611126
3238.055420	-43.519814
3239.401245	-43.427162
3240.747070	-43.346531
3242.092896	-43.274185
3243.438721	-43.212505
3244.784546	-43.163635
3246.130371	-43.128117
3247.476196	-43.109627
3248.822021	-43.105667
3250.167847	-43.119598
3251.513672	-43.149864
3252.859497	-43.195518
3254.205322	-43.259995
3255.551147	-43.340897
3256.896973	-43.437088
3258.242798	-43.552761
3259.588623	-43.685532
3260.934448	-43.835686
3262.280273	-44.000725
3263.626099	-44.181007
3264.971924	-44.375248
3266.317749	-44.581589
3267.663574	-44.801281
3269.009399	-45.027424
3270.355225	-45.260960
3271.701050	-45.497780
3273.046875	-45.738274
3274.392700	-45.969154
3275.738525	-46.193687
3277.084351	-46.401070
3278.430176	-46.582733
3279.776001	-46.740486
3281.121826	-46.867764
3282.467651	-46.956390
3283.813477	-47.000904
3285.159302	-46.998734
3286.505127	-46.958096
3287.850952	-46.878170
3289.196777	-46.753860
3290.542603	-46.596016
3291.888428	-46.414593
3293.234253	-46.208622
3294.580078	-45.986721
3295.925903	-45.751698
3297.271729	-45.516899
3298.617554	-45.278725
3299.963379	-45.047146
3301.309204	-44.816818
3302.655029	-44.599720
3304.000854	-44.393257
3305.346680	-44.198368
3306.692505	-44.018883
3308.038330	-43.854038
3309.384155	-43.706127
3310.729980	-43.573620
3312.075806	-43.456573
3313.421631	-43.358723
3314.767456	-43.276417
3316.113281	-43.211159
3317.459106	-43.165699
3318.804932	-43.136955
3320.150757	-43.124004
3321.496582	-43.125648
3322.842407	-43.147720
3324.188232	-43.184948
3325.534058	-43.233433
3326.879883	-43.294212
3328.225708	-43.371414
3329.571533	-43.456001
3330.917358	-43.547470
3332.263184	-43.639668
3333.609009	-43.738766
3334.954834	-43.831356
3336.300659	-43.915184
3337.646484	-43.986820
3338.992310	-44.035698
3340.338135	-44.057354
3341.683960	-44.052509
3343.029785	-44.007389
3344.375610	-43.923962
3345.721436	-43.784840
3347.067261	-43.608112
3348.413086	-43.390724
3349.758911	-43.108078
3351.104736	-42.803749
3352.450562	-42.465038
3353.796387	-42.090672
3355.142212	-41.703526
3356.488037	-41.288559
3357.833862	-40.872097
3359.179688	-40.439701
3360.525513	-40.010330
3361.871338	-39.589275
3363.217163	-39.166916
3364.562988	-38.746834
3365.908813	-38.338642
3367.254639	-37.939335
3368.600464	-37.548298
3369.946289	-37.174343
3371.292114	-36.812908
3372.637939	-36.463886
3373.983765	-36.133728
3375.329590	-35.826736
3376.675415	-35.536221
3378.021240	-35.250725
3379.367065	-34.979198
3380.712891	-34.731239
3382.058716	-34.507854
3383.404541	-34.312469
3384.750366	-34.149048
3386.096191	-34.025509
3387.442017	-33.948570
3388.787842	-33.913578
3390.133667	-33.917488
3391.479492	-33.951355
3392.825317	-34.013863
3394.171143	-34.122040
3395.516968	-34.257092
3396.862793	-34.423786
3398.208618	-34.622646
3399.554443	-34.848217
3400.900269	-35.097134
3402.246094	-35.363564
3403.591919	-35.622120
3404.937744	-35.863361
3406.283569	-36.093937
3407.629395	-36.305599
3408.975220	-36.480362
3410.321045	-36.662430
3411.666870	-36.822857
3413.012695	-36.971794
3414.358521	-37.112606
3415.704346	-37.230675
3417.050171	-37.358204
3418.395996	-37.475948
3419.741821	-37.588142
3421.087646	-37.689148
3422.433472	-37.780567
3423.779297	-37.877991
3425.125122	-37.978092
3426.470947	-38.088169
3427.816772	-38.209713
3429.162598	-38.337479
3430.508423	-38.477715
3431.854248	-38.630177
3433.200073	-38.790112
3434.545898	-38.963638
3435.891724	-39.152637
3437.237549	-39.355900
3438.583374	-39.571022
3439.929199	-39.797215
3441.275024	-40.040440
3442.620850	-40.298615
3443.966675	-40.564056
3445.312500	-40.850193
3446.658325	-41.151989
3448.004150	-41.458340
3449.349976	-41.778515
3450.695801	-42.110950
3452.041626	-42.447739
3453.387451	-42.800186
3454.733276	-43.139294
3456.079102	-43.491085
3457.424927	-43.845760
3458.770752	-44.182045
3460.116577	-44.509071
3461.462402	-44.817463
3462.808228	-45.104885
3464.154053	-45.360069
3465.499878	-45.578297
3466.845703	-45.757477
3468.191528	-45.889957
3469.537354	-45.988579
3470.883179	-46.033295
3472.229004	-46.044426
3473.574829	-46.000183
3474.920654	-45.942818
3476.266479	-45.851868
3477.612305	-45.733826
3478.958130	-45.607670
3480.303955	-45.468113
3481.649780	-45.323277
3482.995605	-45.180500
3484.341431	-45.041862
3485.687256	-44.907734
3487.033081	-44.784603
3488.378906	-44.669670
3489.724731	-44.571373
3491.070557	-44.486988
3492.416382	-44.417179
3493.762207	-44.364235
3495.108032	-44.326710
3496.453857	-44.307335
3497.799683	-44.305710
3499.145508	-44.321404
3500.491333	-44.353321
3501.837158	-44.404781
3503.182983	-44.472637
3504.528809	-44.558842
3505.874634	-44.661095
3507.220459	-44.778908
3508.566284	-44.914459
3509.912109	-45.064899
3511.257935	-45.229641
3512.603760	-45.405922
3513.949585	-45.590778
3515.295410	-45.783905
3516.641235	-45.983959
3517.987061	-46.184464
3519.332886	-46.382305
3520.678711	-46.574924
3522.024536	-46.748909
3523.370361	-46.907505
3524.716187	-47.037968
3526.062012	-47.140564
3527.407837	-47.208473
3528.753662	-47.230434
3530.099487	-47.212807
3531.445312	-47.148319
3532.791138	-47.046837
3534.136963	-46.897015
3535.482788	-46.714443
3536.828613	-46.507748
3538.174438	-46.264317
3539.520264	-46.013435
3540.866089	-45.740383
3542.211914	-45.464298
3543.557739	-45.183582
3544.903564	-44.905907
3546.249390	-44.633427
3547.595215	-44.368740
3548.941040	-44.113655
3550.286865	-43.865868
3551.632690	-43.633614
3552.978516	-43.416382
3554.324341	-43.213043
3555.670166	-43.027039
3557.015991	-42.856895
3558.361816	-42.701340
3559.707642	-42.563377
3561.053467	-42.441231
3562.399292	-42.336933
3563.745117	-42.249271
3565.090942	-42.174389
3566.436768	-42.117237
3567.782593	-42.074574
3569.128418	-42.046890
3570.474243	-42.031315
3571.820068	-42.030834
3573.165894	-42.037746
3574.511719	-42.056969
3575.857544	-42.080647
3577.203369	-42.107075
3578.549194	-42.138863
3579.895020	-42.163960
3581.240845	-42.180717
3582.586670	-42.184082
3583.932495	-42.167419
3585.278320	-42.127197
3586.624146	-42.046650
3587.969971	-41.942184
3589.315796	-41.782303
3590.661621	-41.577099
3592.007446	-41.328098
3593.353271	-41.020847
3594.699097	-40.672123
3596.044922	-40.288403
3597.390747	-39.852852
3598.736572	-39.402203
3600.082397	-38.918327
3601.428223	-38.390991
3602.774048	-37.889107
3604.119873	-37.374454
3605.465698	-36.862289
3606.811523	-36.355080
3608.157349	-35.852772
3609.503174	-35.362900
3610.848999	-34.904598
3612.194824	-34.475983
3613.540649	-34.079514
3614.886475	-33.726349
3616.232300	-33.420200
3617.578125	-33.160049
3618.923950	-32.954807
3620.269775	-32.807564
3621.615601	-32.720863
3622.961426	-32.699081
3624.307251	-32.743340
3625.653076	-32.852665
3626.998901	-33.026955
3628.344727	-33.259861
3629.690552	-33.547359
3631.036377	-33.882935
3632.382202	-34.257877
3633.728027	-34.668964
3635.073853	-35.109623
3636.419678	-35.576717
3637.765503	-36.061226
3639.111328	-36.563717
3640.457153	-37.072323
3641.802979	-37.582897
3643.148804	-38.095428
3644.494629	-38.592690
3645.840454	-39.068336
3647.186279	-39.503101
3648.532104	-39.909805
3649.877930	-40.303570
3651.223755	-40.633091
3652.569580	-40.919712
3653.915405	-41.173241
3655.261230	-41.366165
3656.607056	-41.515709
3657.952881	-41.637138
3659.298706	-41.716373
3660.644531	-41.773540
3661.990356	-41.803707
3663.336182	-41.816189
3664.682007	-41.825729
3666.027832	-41.817516
3667.373657	-41.818851
3668.719482	-41.814350
3670.065308	-41.814220
3671.411133	-41.825169
3672.756958	-41.839264
3674.102783	-41.869194
3675.448608	-41.908695
3676.794434	-41.964043
3678.140259	-42.028175
3679.486084	-42.110634
3680.831909	-42.209610
3682.177734	-42.321129
3683.523560	-42.451256
3684.869385	-42.594482
3686.215210	-42.752327
3687.561035	-42.931786
3688.906860	-43.123798
3690.252686	-43.329998
3691.598511	-43.556206
3692.944336	-43.791958
3694.290161	-44.041100
3695.635986	-44.309097
3696.981812	-44.583126
3698.327637	-44.859982
3699.673462	-45.150375
3701.019287	-45.443928
3702.365112	-45.738941
3703.710938	-46.025597
3705.056763	-46.311665
3706.402588	-46.570999
3707.748413	-46.816650
3709.094238	-47.036434
3710.440063	-47.216305
3711.785889	-47.365768
3713.131714	-47.472542
3714.477539	-47.537327
3715.823364	-47.553776
3717.169189	-47.535431
3718.515015	-47.464512
3719.860840	-47.371170
3721.206665	-47.243999
3722.552490	-47.092655
3723.898315	-46.922905
3725.244141	-46.741184
3726.589966	-46.554970
3727.935791	-46.369507
3729.281616	-46.185879
3730.627441	-46.004826
3731.973267	-45.831814
3733.319092	-45.672207
3734.664917	-45.523716
3736.010742	-45.389359
3737.356567	-45.270199
3738.702393	-45.166733
3740.048218	-45.079193
3741.394043	-45.010654
3742.739868	-44.959492
3744.085693	-44.924923
3745.431519	-44.908222
3746.777344	-44.908836
3748.123169	-44.927414
3749.468994	-44.963287
3750.814819	-45.016174
3752.160645	-45.084774
3753.506470	-45.171101
3754.852295	-45.272556
3756.198120	-45.387718
3757.543945	-45.515839
3758.889771	-45.652042
3760.235596	-45.800407
3761.581421	-45.951645
3762.927246	-46.104813
3764.273071	-46.259136
3765.618896	-46.411709
3766.964722	-46.547298
3768.310547	-46.668205
3769.656372	-46.765099
3771.002197	-46.836617
3772.348022	-46.869774
3773.693848	-46.859760
3775.039673	-46.812981
3776.385498	-46.721161
3777.731323	-46.582096
3779.077148	-46.398487
3780.422974	-46.180492
3781.768799	-45.922897
3783.114624	-45.646591
3784.460449	-45.340530
3785.806274	-45.024200
3787.152100	-44.693970
3788.497925	-44.358063
3789.843750	-44.022053
3791.189575	-43.686916
3792.535400	-43.355961
3793.881226	-43.039070
3795.227051	-42.726318
3796.572876	-42.423317
3797.918701	-42.130657
3799.264526	-41.858532
3800.610352	-41.605522
3801.956177	-41.355148
3803.302002	-41.120625
3804.647827	-40.908207
3805.993652	-40.709572
3807.339478	-40.520386
3808.685303	-40.347626
3810.031128	-40.190281
3811.376953	-40.047691
3812.722778	-39.920876
3814.068604	-39.806313
3815.414429	-39.702827
3816.760254	-39.613323
3818.106079	-39.533562
3819.451904	-39.461693
3820.797729	-39.398659
3822.143555	-39.335999
3823.489380	-39.275993
3824.835205	-39.220284
3826.181030	-39.145077
3827.526855	-39.076675
3828.872681	-38.981098
3830.218506	-38.858479
3831.564331	-38.712280
3832.910156	-38.535385
3834.255981	-38.319931
3835.601807	-38.082951
3836.947632	-37.781910
3838.293457	-37.458229
3839.639282	-37.116367
3840.985107	-36.758854
3842.330933	-36.383457
3843.676758	-36.014626
3845.022583	-35.670914
3846.368408	-35.357872
3847.714233	-35.075569
3849.060059	-34.834808
3850.405884	-34.650711
3851.751709	-34.518188
3853.097534	-34.439037
3854.443359	-34.411793
3855.789185	-34.433338
3857.135010	-34.501095
3858.480835	-34.612228
3859.826660	-34.758377
3861.172485	-34.936287
3862.518311	-35.144642
3863.864136	-35.383854
3865.209961	-35.650459
3866.555786	-35.934975
3867.901611	-36.234756
3869.247437	-36.557823
3870.593262	-36.899632
3871.939087	-37.250385
3873.284912	-37.615860
3874.630737	-37.999035
3875.976562	-38.395596
3877.322388	-38.802231
3878.668213	-39.221474
3880.014038	-39.649361
3881.359863	-40.071419
3882.705688	-40.508854
3884.051514	-40.963299
3885.397339	-41.395535
3886.743164	-41.817402
3888.088989	-42.249584
3889.434814	-42.674973
3890.780640	-43.056858
3892.126465	-43.427879
3893.472290	-43.770817
3894.818115	-44.073284
3896.163940	-44.324604
3897.509766	-44.556347
3898.855591	-44.724079
3900.201416	-44.847145
3901.547241	-44.932686
3902.893066	-44.977417
3904.238892	-44.978867
3905.584717	-44.963985
3906.930542	-44.910744
3908.276367	-44.853432
3909.622192	-44.777184
3910.968018	-44.690105
3912.313843	-44.608139
3913.659668	-44.527912
3915.005493	-44.451668
3916.351318	-44.380745
3917.697144	-44.320236
3919.042969	-44.273647
3920.388794	-44.240082
3921.734619	-44.219299
3923.080444	-44.214462
3924.426270	-44.223652
3925.772095	-44.250347
3927.117920	-44.294811
3928.463745	-44.355656
3929.809570	-44.431553
3931.155396	-44.527393
3932.501221	-44.639397
3933.847046	-44.767490
3935.192871	-44.912010
3936.538696	-45.074150
3937.884521	-45.252895
3939.230347	-45.444923
3940.576172	-45.648834
3941.921997	-45.869259
3943.267822	-46.098808
3944.613647	-46.333817
3945.959473	-46.574593
3947.305298	-46.822521
3948.651123	-47.065872
3949.996948	-47.298775
3951.342773	-47.523956
3952.688599	-47.731117
3954.034424	-47.911789
3955.380249	-48.067688
3956.726074	-48.188076
3958.071899	-48.268715
3959.417725	-48.299595
3960.763550	-48.295303
3962.109375	-48.241611
3963.455200	-48.155506
3964.801025	-48.020294
3966.146851	-47.861427
3967.492676	-47.676624
3968.838501	-47.468346
3970.184326	-47.249851
3971.530151	-47.021610
3972.875977	-46.788406
3974.221802	-46.557110
3975.567627	-46.331535
3976.913452	-46.111282
3978.259277	-45.903019
3979.605103	-45.703377
3980.950928	-45.518738
3982.296753	-45.347263
3983.642578	-45.191845
3984.988403	-45.055153
3986.334229	-44.932880
3987.680054	-44.829193
3989.025879	-44.741638
3990.371704	-44.671341
3991.717529	-44.617935
3993.063354	-44.583748
3994.409180	-44.566513
3995.755005	-44.564320
3997.100830	-44.578579
3998.446655	-44.610706
3999.792480	-44.657333
4001.138306	-44.717560
4002.484131	-44.792656
4003.829956	-44.875580
4005.175781	-44.970184
4006.521606	-45.063953
4007.867432	-45.170132
4009.213257	-45.271095
4010.559082	-45.369854
4011.904907	-45.458637
4013.250732	-45.527634
4014.596558	-45.578720
4015.942383	-45.601425
4017.288208	-45.583839
4018.634033	-45.545326
4019.979858	-45.445446
4021.325684	-45.307137
4022.671509	-45.117062
4024.017334	-44.895054
4025.363159	-44.617107
4026.708984	-44.312763
4028.054810	-43.963139
4029.400635	-43.607071
4030.746460	-43.218441
4032.092285	-42.811050
4033.438110	-42.409981
4034.783936	-41.997398
4036.129761	-41.582474
4037.475586	-41.177994
4038.821411	-40.771023
4040.167236	-40.379658
4041.513062	-39.996864
4042.858887	-39.621677
4044.204712	-39.261593
4045.550537	-38.911564
4046.896362	-38.586208
4048.242188	-38.275768
4049.588013	-37.976414
4050.933838	-37.693310
4052.279663	-37.429848
4053.625488	-37.190670
4054.971313	-36.969208
4056.317139	-36.765858
4057.662964	-36.589062
4059.008789	-36.435604
4060.354614	-36.307045
4061.700439	-36.209202
4063.046265	-36.140484
4064.392090	-36.099449
4065.737915	-36.088799
4067.083740	-36.109116
4068.429565	-36.161366
4069.775391	-36.245308
4071.121216	-36.350605
4072.467041	-36.489784
4073.812866	-36.646694
4075.158691	-36.816208
4076.504517	-36.997532
4077.850342	-37.183048
4079.196167	-37.386486
4080.541992	-37.548923
4081.887817	-37.723957
4083.233643	-37.885349
4084.579468	-38.031513
4085.925293	-38.152157
4087.271118	-38.260376
4088.616943	-38.366875
4089.962769	-38.454033
4091.308594	-38.529804
4092.654419	-38.598972
4094.000244	-38.669506
4095.346069	-38.742920
4096.691895	-38.814011
4098.037720	-38.892326
4099.383545	-38.972607
4100.729370	-39.061127
4102.075195	-39.166035
4103.421021	-39.276409
4104.766846	-39.395298
4106.112671	-39.531353
4107.458496	-39.677750
4108.804321	-39.840290
4110.150146	-40.017498
4111.495972	-40.204315
4112.841797	-40.406078
4114.187622	-40.622215
4115.533447	-40.852501
4116.879272	-41.099545
4118.225098	-41.359108
4119.570923	-41.632912
4120.916748	-41.923779
4122.262573	-42.222694
4123.608398	-42.537735
4124.954224	-42.866730
4126.300049	-43.196705
4127.645874	-43.537460
4128.991699	-43.888718
4130.337524	-44.237885
4131.683350	-44.589603
4133.029175	-44.937794
4134.375000	-45.269096
4135.720825	-45.603584
4137.066650	-45.898422
4138.412476	-46.175205
4139.758301	-46.426266
4141.104126	-46.628910
4142.449951	-46.799591
4143.795776	-46.918343
4145.141602	-46.993984
4146.487427	-47.044811
4147.833252	-47.025787
4149.179077	-46.987782
4150.524902	-46.911747
4151.870728	-46.819427
4153.216553	-46.693741
4154.562378	-46.572308
4155.908203	-46.431370
4157.254028	-46.290588
4158.599854	-46.148788
4159.945679	-46.014477
4161.291504	-45.888157
4162.637329	-45.770935
4163.983154	-45.665707
4165.328979	-45.572334
4166.674805	-45.496471
4168.020630	-45.436447
4169.366455	-45.391071
4170.712280	-45.362679
4172.058105	-45.351028
4173.403931	-45.356186
4174.749756	-45.380932
4176.095581	-45.421257
4177.441406	-45.481293
4178.787231	-45.558228
4180.133057	-45.649490
4181.478882	-45.760376
4182.824707	-45.891590
4184.170532	-46.035179
4185.516357	-46.190620
4186.862183	-46.364655
4188.208008	-46.546577
4189.553833	-46.737064
4190.899658	-46.934776
4192.245483	-47.135345
4193.591309	-47.340511
4194.937134	-47.540562
4196.282959	-47.730282
4197.628784	-47.902531
4198.974609	-48.055485
4200.320435	-48.178596
4201.666260	-48.279140
4203.012085	-48.330315
4204.357910	-48.344139
4205.703735	-48.312943
4207.049561	-48.242035
4208.395386	-48.122051
4209.741211	-47.970097
4211.087036	-47.777596
4212.432861	-47.562443
4213.778687	-47.322193
4215.124512	-47.065327
4216.470337	-46.795795
4217.816162	-46.523464
4219.161987	-46.246048
4220.507812	-45.973789
4221.853638	-45.712189
4223.199463	-45.455940
4224.545288	-45.202625
4225.891113	-44.967846
4227.236938	-44.749180
4228.582764	-44.544380
4229.928589	-44.350414
4231.274414	-44.177212
4232.620239	-44.020554
4233.966064	-43.879475
4235.311890	-43.758026
4236.657715	-43.648521
4238.003540	-43.557037
4239.349365	-43.481365
4240.695190	-43.425728
4242.041016	-43.384651
4243.386841	-43.356739
4244.732666	-43.345551
4246.078491	-43.349953
4247.424316	-43.364822
4248.770142	-43.388382
4250.115967	-43.423981
4251.461792	-43.464291
4252.807617	-43.511261
4254.153442	-43.553345
4255.499268	-43.595921
4256.845093	-43.626854
4258.190918	-43.645401
4259.536743	-43.642590
4260.882568	-43.609116
4262.228394	-43.546680
4263.574219	-43.443527
4264.920044	-43.288780
4266.265869	-43.109409
4267.611694	-42.864708
4268.957520	-42.569901
4270.303345	-42.250668
4271.649170	-41.885769
4272.994995	-41.483952
4274.340820	-41.052265
4275.686646	-40.617512
4277.032471	-40.158451
4278.378296	-39.698227
4279.724121	-39.246117
4281.069946	-38.791096
4282.415771	-38.358669
4283.761597	-37.936497
4285.107422	-37.535141
4286.453247	-37.156387
4287.799072	-36.813381
4289.144897	-36.508987
4290.490723	-36.235069
4291.836548	-36.004272
4293.182373	-35.819771
4294.528198	-35.680973
4295.874023	-35.594551
4297.219849	-35.553440
4298.565674	-35.562359
4299.911499	-35.632553
4301.257324	-35.750557
4302.603149	-35.909309
4303.948975	-36.115814
4305.294800	-36.376778
4306.640625	-36.675476
4307.986450	-37.001953
4309.332275	-37.367325
4310.678101	-37.763268
4312.023926	-38.182446
4313.369751	-38.608082
4314.715576	-39.060951
4316.061401	-39.516144
4317.407227	-39.974281
4318.753052	-40.423752
4320.098877	-40.868210
4321.444702	-41.289165
4322.790527	-41.688118
4324.136353	-42.049339
4325.482178	-42.389503
4326.828003	-42.675713
4328.173828	-42.917652
4329.519653	-43.126011
4330.865479	-43.274567
4332.211304	-43.409821
4333.557129	-43.492538
4334.902954	-43.538307
4336.248779	-43.580036
4337.594604	-43.584850
4338.940430	-43.592972
4340.286255	-43.579174
4341.632080	-43.568604
4342.977905	-43.557217
4344.323730	-43.549290
4345.669556	-43.551449
4347.015381	-43.557457
4348.361206	-43.573181
4349.707031	-43.601612
4351.052856	-43.648136
4352.398682	-43.706650
4353.744507	-43.778145
4355.090332	-43.866749
4356.436157	-43.972092
4357.781982	-44.092392
4359.127808	-44.225231
4360.473633	-44.377674
4361.819458	-44.548954
4363.165283	-44.734138
4364.511108	-44.934727
4365.856934	-45.149139
4367.202759	-45.383205
4368.548584	-45.633282
4369.894409	-45.890114
4371.240234	-46.159645
4372.586060	-46.443867
4373.931885	-46.736675
4375.277710	-47.033184
4376.623535	-47.327854
4377.969360	-47.634212
4379.315186	-47.919495
4380.661011	-48.209385
4382.006836	-48.471588
4383.352661	-48.706783
4384.698486	-48.933620
4386.044312	-49.108082
4387.390137	-49.245445
4388.735962	-49.347778
4390.081787	-49.400673
4391.427612	-49.413437
4392.773438	-49.387505
4394.119263	-49.315594
4395.465088	-49.212612
4396.810913	-49.090755
4398.156738	-48.940434
4399.502563	-48.774136
4400.848389	-48.604343
4402.194214	-48.427223
4403.540039	-48.250885
4404.885864	-48.078186
4406.231689	-47.914742
4407.577515	-47.758625
4408.923340	-47.614250
4410.269165	-47.482410
4411.614990	-47.363197
4412.960815	-47.261086
4414.306641	-47.177586
4415.652466	-47.108574
4416.998291	-47.059361
4418.344116	-47.027836
4419.689941	-47.012493
4421.035767	-47.014664
4422.381592	-47.036240
4423.727417	-47.074154
4425.073242	-47.129345
4426.419067	-47.202850
4427.764893	-47.295280
4429.110718	-47.400791
4430.456543	-47.521370
4431.802368	-47.659019
4433.148193	-47.807129
4434.494019	-47.965359
4435.839844	-48.129807
4437.185669	-48.301270
4438.531494	-48.470284
4439.877319	-48.645554
4441.223145	-48.808022
4442.568970	-48.954376
4443.914795	-49.080696
4445.260620	-49.185120
4446.606445	-49.261238
4447.952271	-49.305866
4449.298096	-49.297615
4450.643921	-49.252907
4451.989746	-49.169384
4453.335571	-49.029644
4454.681396	-48.858829
4456.027222	-48.642799
4457.373047	-48.405159
4458.718872	-48.135456
4460.064697	-47.854153
4461.410522	-47.537598
4462.756348	-47.246361
4464.102173	-46.926701
4465.447998	-46.613762
4466.793823	-46.315430
4468.139648	-46.014664
4469.485474	-45.719398
4470.831299	-45.439964
4472.177124	-45.178005
4473.522949	-44.923180
4474.868774	-44.686012
4476.214600	-44.464592
4477.560425	-44.260288
4478.906250	-44.074989
4480.252075	-43.902924
4481.597900	-43.748722
4482.943726	-43.614395
4484.289551	-43.494057
4485.635376	-43.389183
4486.981201	-43.302670
4488.327026	-43.235603
4489.672852	-43.178017
4491.018677	-43.136852
4492.364502	-43.113655
4493.710327	-43.102299
4495.056152	-43.100388
4496.401978	-43.108974
4497.747803	-43.128666
4499.093628	-43.150932
4500.439453	-43.175999
4501.785278	-43.194920
4503.131104	-43.204758
4504.476929	-43.209305
4505.822754	-43.188416
4507.168579	-43.146271
4508.514404	-43.072006
4509.860229	-42.969616
4511.206055	-42.842731
4512.551880	-42.681122
4513.897705	-42.476192
4515.243530	-42.260052
4516.589355	-42.031612
4517.935181	-41.787025
4519.281006	-41.543747
4520.626831	-41.307571
4521.972656	-41.081940
4523.318481	-40.878910
4524.664307	-40.708366
4526.010132	-40.555569
4527.355957	-40.443108
4528.701782	-40.368000
4530.047607	-40.321007
4531.393433	-40.307606
4532.739258	-40.329422
4534.085083	-40.385895
4535.430908	-40.475933
4536.776733	-40.597572
4538.122559	-40.744595
4539.468384	-40.915169
4540.814209	-41.115524
4542.160034	-41.341198
4543.505859	-41.586811
4544.851685	-41.856716
4546.197510	-42.149326
4547.543335	-42.457882
4548.889160	-42.787033
4550.234985	-43.138412
4551.580811	-43.498196
4552.926636	-43.880489
4554.272461	-44.280537
4555.618286	-44.676479
4556.964111	-45.085758
4558.309937	-45.510300
4559.655762	-45.932747
4561.001587	-46.371159
4562.347412	-46.783470
4563.693237	-47.199471
4565.039062	-47.602985
4566.384888	-47.990295
4567.730713	-48.336994
4569.076538	-48.662716
4570.422363	-48.969147
4571.768188	-49.202259
4573.114014	-49.413788
4574.459839	-49.588371
4575.805664	-49.690117
4577.151489	-49.776928
4578.497314	-49.810310
4579.843140	-49.828945
4581.188965	-49.802898
4582.534790	-49.768394
4583.880615	-49.710449
4585.226440	-49.645710
4586.572266	-49.580601
4587.918091	-49.521690
4589.263916	-49.454185
4590.609741	-49.399246
4591.955566	-49.355728
4593.301392	-49.318623
4594.647217	-49.296215
4595.993042	-49.286743
4597.338867	-49.296074
4598.684692	-49.320621
4600.030518	-49.362064
4601.376343	-49.419899
4602.722168	-49.493946
4604.067993	-49.585239
4605.413818	-49.693192
4606.759644	-49.820580
4608.105469	-49.964638
4609.451294	-50.124741
4610.797119	-50.302246
4612.142944	-50.499832
4613.488770	-50.712570
4614.834595	-50.938442
4616.180420	-51.182514
4617.526245	-51.427742
4618.872070	-51.685658
4620.217896	-51.959518
4621.563721	-52.233562
4622.909546	-52.504574
4624.255371	-52.777977
4625.601196	-53.043457
4626.947021	-53.290825
4628.292847	-53.520378
4629.638672	-53.730114
4630.984497	-53.901985
4632.330322	-54.038857
4633.676147	-54.132744
4635.021973	-54.183929
4636.367798	-54.197765
4637.713623	-54.172558
4639.059448	-54.095589
4640.405273	-53.992275
4641.751099	-53.848152
4643.096924	-53.694073
4644.442749	-53.515453
4645.788574	-53.328194
4647.134399	-53.137527
4648.480225	-52.933289
4649.826050	-52.746101
4651.171875	-52.562122
4652.517700	-52.384880
4653.863525	-52.217453
4655.209351	-52.063190
4656.555176	-51.920982
4657.901001	-51.796837
4659.246826	-51.690887
4660.592651	-51.600559
4661.938477	-51.524296
4663.284302	-51.469284
4664.630127	-51.430943
4665.975952	-51.410313
4667.321777	-51.410919
4668.667603	-51.425266
4670.013428	-51.456497
4671.359253	-51.506756
4672.705078	-51.572205
4674.050903	-51.655499
4675.396729	-51.753822
4676.742554	-51.865654
4678.088379	-51.991459
4679.434204	-52.130650
4680.780029	-52.278751
4682.125854	-52.426949
4683.471680	-52.579948
4684.817505	-52.739094
4686.163330	-52.885197
4687.509155	-53.021912
4688.854980	-53.134964
4690.200806	-53.242683
4691.546631	-53.314304
4692.892456	-53.332458
4694.238281	-53.342461
4695.584106	-53.276569
4696.929932	-53.185871
4698.275757	-53.056263
4699.621582	-52.869587
4700.967407	-52.649738
4702.313232	-52.390766
4703.659058	-52.112114
4705.004883	-51.815022
4706.350708	-51.506374
4707.696533	-51.170052
4709.042358	-50.842636
4710.388184	-50.524132
4711.734009	-50.202831
4713.079834	-49.888481
4714.425659	-49.591827
4715.771484	-49.302338
4717.117310	-49.024399
4718.463135	-48.770779
4719.808960	-48.537262
4721.154785	-48.317738
4722.500610	-48.122307
4723.846436	-47.950855
4725.192261	-47.802143
4726.538086	-47.678604
4727.883911	-47.576069
4729.229736	-47.501236
4730.575562	-47.454407
4731.921387	-47.432995
4733.267212	-47.442619
4734.613037	-47.479149
4735.958862	-47.545338
4737.304688	-47.645351
4738.650513	-47.767818
4739.996338	-47.914581
4741.342163	-48.095432
4742.687988	-48.293594
4744.033813	-48.518047
4745.379639	-48.756512
4746.725464	-49.016968
4748.071289	-49.277718
4749.417114	-49.540577
4750.762939	-49.816429
4752.108765	-50.063248
4753.454590	-50.307819
4754.800415	-50.526398
4756.146240	-50.713028
4757.492065	-50.883579
4758.837891	-51.022770
4760.183716	-51.142414
4761.529541	-51.220745
4762.875366	-51.283428
4764.221191	-51.339615
4765.567017	-51.374973
4766.912842	-51.391472
4768.258667	-51.420822
4769.604492	-51.439606
4770.950317	-51.461361
4772.296143	-51.497566
4773.641968	-51.541718
4774.987793	-51.589119
4776.333618	-51.656349
4777.679443	-51.737114
4779.025269	-51.827240
4780.371094	-51.938145
4781.716919	-52.068871
4783.062744	-52.207512
4784.408569	-52.366776
4785.754395	-52.546787
4787.100220	-52.741554
4788.446045	-52.955048
4789.791870	-53.185974
4791.137695	-53.432171
4792.483521	-53.698185
4793.829346	-53.979130
4795.175171	-54.277653
4796.520996	-54.588562
4797.866821	-54.916286
4799.212646	-55.263779
4800.558472	-55.611271
4801.904297	-55.977581
4803.250122	-56.355511
4804.595947	-56.738735
4805.941772	-57.117428
4807.287598	-57.499584
4808.633423	-57.877827
4809.979248	-58.249813
4811.325073	-58.608135
4812.670898	-58.930405
4814.016724	-59.240173
4815.362549	-59.520206
4816.708374	-59.762405
4818.054199	-59.950619
4819.400024	-60.100368
4820.745850	-60.207527
4822.091675	-60.278881
4823.437500	-60.300865
4824.783325	-60.290524
4826.129150	-60.263760
4827.474976	-60.203098
4828.820801	-60.124336
4830.166626	-60.043888
4831.512451	-59.961269
4832.858276	-59.869247
4834.204102	-59.793861
4835.549927	-59.720577
4836.895752	-59.643608
4838.241577	-59.578022
4839.587402	-59.538319
4840.933228	-59.509502
4842.279053	-59.496311
4843.624878	-59.497669
4844.970703	-59.515987
4846.316528	-59.553123
4847.662354	-59.607334
4849.008179	-59.681358
4850.354004	-59.773689
4851.699829	-59.884613
4853.045654	-60.013123
4854.391479	-60.157890
4855.737305	-60.320488
4857.083130	-60.506645
4858.428955	-60.707947
4859.774780	-60.913441
4861.120605	-61.134224
4862.466431	-61.379463
4863.812256	-61.636177
4865.158081	-61.893536
4866.503906	-62.162342
4867.849731	-62.437538
4869.195557	-62.704487
4870.541382	-62.959217
4871.887207	-63.220451
4873.233032	-63.454544
4874.578857	-63.668980
4875.924683	-63.876175
4877.270508	-64.001862
4878.616333	-64.110474
4879.962158	-64.177208
4881.307983	-64.206459
4882.653809	-64.184601
4883.999634	-64.122963
4885.345459	-64.028587
4886.691284	-63.905643
4888.037109	-63.754036
4889.382935	-63.585804
4890.728760	-63.395847
4892.074585	-63.206310
4893.420410	-63.009182
4894.766235	-62.818008
4896.112061	-62.637650
4897.457886	-62.456612
4898.803711	-62.286827
4900.149536	-62.130035
4901.495361	-61.988491
4902.841187	-61.865223
4904.187012	-61.754009
4905.532837	-61.656200
4906.878662	-61.581638
4908.224487	-61.523762
4909.570312	-61.482071
4910.916138	-61.466122
4912.261963	-61.464817
4913.607788	-61.481419
4914.953613	-61.521915
4916.299438	-61.576233
4917.645264	-61.647167
4918.991089	-61.737595
4920.336914	-61.825294
4921.682739	-61.944839
4923.028564	-62.098103
4924.374390	-62.233196
4925.720215	-62.417816
4927.066040	-62.555180
4928.411865	-62.727444
4929.757690	-62.955437
4931.103516	-63.048885
4932.449341	-63.325672
4933.795166	-63.367958
4935.140991	-63.616722
4936.486816	-63.609856
4937.832642	-63.811073
4939.178467	-63.712234
4940.524292	-63.892525
4941.870117	-63.650379
4943.215942	-63.851269
4944.561768	-63.434052
4945.907593	-63.613789
4947.253418	-63.139133
4948.599243	-63.171078
4949.945068	-62.902657
4951.290894	-62.551056
4952.636719	-62.658012
4953.982544	-62.066395
4955.328369	-62.071621
4956.674194	-61.969440
4958.020020	-61.464516
4959.365845	-61.621128
4960.711670	-61.521103
4962.057495	-61.080830
4963.403320	-61.255596
4964.749146	-61.376675
4966.094971	-60.995880
4967.440796	-60.989208
4968.786621	-61.406803
4970.132446	-61.439522
4971.478271	-61.164734
4972.824097	-61.285191
4974.169922	-61.825253
4975.515747	-62.199966
4976.861572	-62.108379
4978.207397	-61.987503
4979.553223	-62.257591
4980.899048	-62.931549
4982.244873	-63.712894
4983.590698	-64.165901
4984.936523	-64.205109
4986.282349	-64.128548
4987.628174	-64.189995
4988.973999	-64.512970
4990.319824	-65.129623
4991.665649	-66.004570
4993.011475	-67.110374
4994.357300	-68.404747
4995.703125	-69.788116
4997.048950	-71.334824
4998.394775	-72.868309
4999.740601	-74.458344
5001.086426	-75.930191
5002.432251	-77.420296
5003.778076	-78.717255
5005.123901	-80.001259
5006.469727	-81.139938
5007.815552	-82.052055
5009.161377	-82.950050
5010.507202	-83.660629
5011.853027	-84.100578
5013.198853	-84.564400
5014.544678	-85.028412
5015.890503	-85.547668
5017.236328	-85.700912
5018.582153	-85.995941
5019.927979	-86.285004
5021.273804	-86.382004
5022.619629	-86.570641
5023.965454	-86.605499
5025.311279	-86.895660
5026.657104	-86.866302
5028.002930	-86.941605
5029.348755	-86.896614
5030.694580	-87.026085
5032.040405	-87.287918
5033.386230	-87.432938
5034.732056	-87.373810
5036.077881	-87.408722
5037.423706	-87.500969
5038.769531	-87.558701
5040.115356	-87.718163
5041.461182	-87.858498
5042.807007	-87.868057
5044.152832	-88.052605
5045.498657	-88.145790
5046.844482	-88.115112
5048.190308	-88.160454
5049.536133	-88.305748
5050.881958	-88.408257
5052.227783	-88.552544
5053.573608	-88.708191
5054.919434	-88.727356
5056.265259	-88.689560
5057.611084	-88.885292
5058.956909	-88.983521
5060.302734	-88.963387
5061.648560	-89.007576
5062.994385	-89.141991
5064.340210	-89.211205
5065.686035	-89.416756
5067.031860	-89.261925
5068.377686	-89.442642
5069.723511	-89.522522
5071.069336	-89.281670
5072.415161	-89.643784
5073.760986	-89.873154
5075.106812	-89.802666
5076.452637	-89.521210
5077.798462	-89.663734
5079.144287	-90.066780
5080.490112	-90.255936
5081.835938	-89.912994
5083.181763	-90.031937
5084.527588	-89.912231
5085.873413	-90.058060
5087.219238	-90.266937
5088.565063	-90.415092
5089.910889	-89.902359
5091.256714	-89.991814
5092.602539	-90.119652
5093.948364	-89.792763
5095.294189	-90.123383
5096.640015	-90.131523
5097.985840	-89.870796
5099.331665	-89.875832
5100.677490	-89.507881
5102.023315	-89.432838
5103.369141	-89.534706
5104.714966	-89.331589
5106.060791	-89.343407
5107.406616	-89.063080
5108.752441	-89.069901
5110.098267	-89.067825
5111.444092	-88.946648
5112.789917	-88.927048
5114.135742	-88.573448
5115.481567	-88.375999
5116.827393	-88.153191
5118.173218	-88.241386
5119.519043	-87.891579
5120.864868	-87.499008
5122.210693	-87.505234
5123.556519	-87.504044
5124.902344	-87.372490
5126.248169	-87.058708
5127.593994	-86.856499
5128.939819	-86.665756
5130.285645	-86.615868
5131.631470	-86.521423
5132.977295	-86.300461
5134.323120	-86.120224
5135.668945	-86.005173
5137.014771	-85.765930
5138.360596	-85.624687
5139.706421	-85.639854
5141.052246	-85.653030
5142.398071	-85.391586
5143.743896	-85.155350
5145.089722	-85.120567
5146.435547	-84.999863
5147.781372	-84.882439
5149.127197	-84.766251
5150.473022	-84.622772
5151.818848	-84.502174
5153.164673	-84.465286
5154.510498	-84.406120
5155.856323	-84.306877
5157.202148	-84.195221
5158.547974	-84.126450
5159.893799	-84.163399
5161.239624	-84.215240
5162.585449	-84.152954
5163.931274	-84.067154
5165.277100	-84.027557
5166.622925	-83.952042
5167.968750	-83.946686
5169.314575	-84.050865
5170.660400	-84.036987
5172.006226	-84.099892
5173.352051	-84.182297
5174.697876	-84.149551
5176.043701	-84.141273
5177.389526	-84.135040
5178.735352	-84.152756
5180.081177	-84.245255
5181.427002	-84.374992
5182.772827	-84.404449
5184.118652	-84.486496
5185.464478	-84.618652
5186.810303	-84.710884
5188.156128	-84.815483
5189.501953	-84.904648
5190.847778	-84.906128
5192.193604	-85.027367
5193.539429	-85.184555
5194.885254	-85.450752
5196.231079	-85.605995
5197.576904	-85.706467
5198.922729	-85.919312
5200.268555	-86.071602
5201.614380	-86.265121
5202.960205	-86.317612
5204.306030	-86.476723
5205.651855	-86.574547
5206.997681	-86.699669
5208.343506	-86.850349
5209.689331	-86.989479
5211.035156	-87.234970
5212.380981	-87.439575
5213.726807	-87.461632
5215.072632	-87.529236
5216.418457	-87.652390
5217.764282	-87.698891
5219.110107	-87.987038
5220.455933	-88.189163
5221.801758	-88.193390
5223.147583	-88.354286
5224.493408	-88.461678
5225.839233	-88.266380
5227.185059	-88.453911
5228.530884	-88.468193
5229.876709	-88.660942
5231.222534	-88.810638
5232.568359	-88.721497
5233.914185	-88.823631
5235.260010	-88.890228
5236.605835	-88.903152
5237.951660	-88.970688
5239.297485	-89.056938
5240.643311	-89.178001
5241.989136	-89.179047
5243.334961	-89.114044
5244.680786	-89.275711
5246.026611	-89.537827
5247.372437	-89.538177
5248.718262	-89.471306
5250.064087	-89.589165
5251.409912	-89.652229
5252.755737	-89.704262
5254.101562	-89.765862
5255.447388	-89.864563
5256.793213	-90.035316
5258.139038	-90.075661
5259.484863	-90.217407
5260.830688	-90.291519
5262.176514	-90.441605
5263.522339	-90.638016
5264.868164	-90.822495
5266.213989	-90.953445
5267.559814	-91.070290
5268.905640	-91.125214
5270.251465	-91.336517
5271.597290	-91.363846
5272.943115	-91.486259
5274.288940	-91.794968
5275.634766	-91.865837
5276.980591	-91.979317
5278.326416	-92.215981
5279.672241	-92.500305
5281.018066	-92.736336
5282.363892	-92.877060
5283.709717	-93.093079
5285.055542	-93.346642
5286.401367	-93.485268
5287.747192	-93.672668
5289.093018	-94.086426
5290.438843	-94.425537
5291.784668	-94.623550
5293.130493	-94.809471
5294.476318	-95.090981
5295.822144	-95.391342
5297.167969	-95.638535
5298.513794	-95.973312
5299.859619	-96.336044
5301.205444	-96.723495
5302.551270	-97.048996
5303.897095	-97.400085
5305.242920	-97.736832
5306.588745	-97.986481
5307.934570	-98.189713
5309.280396	-98.629395
5310.626221	-99.086998
5311.972046	-99.408569
5313.317871	-99.879089
5314.663696	-100.181099
5316.009521	-100.479645
5317.355347	-100.940079
5318.701172	-101.302612
5320.046997	-101.705963
5321.392822	-101.996658
5322.738647	-102.423447
5324.084473	-103.001984
5325.430298	-103.253227
5326.776123	-103.538719
5328.121948	-104.109825
5329.467773	-104.298172
5330.813599	-104.796021
5332.159424	-105.155037
5333.505249	-105.571892
5334.851074	-105.978485
5336.196899	-106.392204
5337.542725	-106.878822
5338.888550	-107.258492
5340.234375	-107.605736
5341.580200	-108.131287
5342.926025	-108.417366
5344.271851	-108.672363
5345.617676	-109.142105
5346.963501	-109.698151
5348.309326	-109.868896
5349.655151	-110.189537
5351.000977	-110.513580
5352.346802	-110.870476
5353.692627	-111.379883
5355.038452	-111.846939
5356.384277	-112.099770
5357.730103	-112.566719
5359.075928	-112.987244
5360.421753	-113.421089
5361.767578	-113.881813
5363.113403	-114.190979
5364.459229	-114.556374
5365.805054	-114.920189
5367.150879	-115.361946
5368.496704	-115.912178
5369.842529	-116.257736
5371.188354	-116.628891
5372.534180	-117.169632
5373.880005	-117.732262
5375.225830	-118.165268
5376.571655	-118.603775
5377.917480	-119.065079
5379.263306	-119.639626
5380.609131	-120.183411
5381.954956	-120.654068
5383.300781	-121.105247
5384.646606	-121.587212
5385.992432	-122.026360
5387.338257	-122.641571
5388.684082	-123.337524
5390.029907	-123.972008
5391.375732	-124.630852
5392.721558	-125.268791
5394.067383	-125.879158
5395.413208	-126.597336
5396.759033	-127.289177
5398.104858	-127.962746
5399.450684	-128.651901
5400.796509	-129.343582
5402.142334	-130.078964
5403.488159	-130.911194
5404.833984	-131.749435
5406.179810	-132.531113
5407.525635	-133.323914
5408.871460	-134.206085
5410.217285	-135.135239
5411.563110	-136.020935
5412.908936	-137.123611
5414.254761	-138.199188
5415.600586	-139.254562
5416.946411	-140.372635
5418.292236	-141.316956
5419.638062	-142.505829
5420.983887	-143.766190
5422.329712	-145.093323
5423.675537	-146.481903
5425.021362	-147.787735
5426.367188	-148.995377
5427.713013	-150.711914
5429.058838	-152.201355
5430.404663	-153.306503
5431.750488	-154.617767
5433.096313	-155.823502
5434.442139	-157.463776
5435.787964	-158.082962
5437.133789	-158.926544
5438.479614	-159.620071
5439.825439	-160.184448
5441.171265	-160.829590
5442.517090	-161.614517
5443.862915	-161.405243
5445.208740	-162.707260
5446.554565	-163.199112
5447.900391	-163.902710
5449.246216	-164.349152
5450.592041	-165.150970
5451.937866	-166.976013
5453.283691	-167.303024
5454.629517	-167.870621
5455.975342	-168.155289
5457.321167	-170.929169
5458.666992	-169.961533
5460.012817	-171.604111
5461.358643	-173.499359
5462.704468	-173.539398
5464.050293	-175.799057
5465.396118	-175.313675
5466.741943	-177.346436
5468.087769	-178.451416
5469.433594	-178.296951
5470.779419	-177.821396
5472.125244	-175.079636
5473.471069	-179.549072
5474.816895	-178.739334
5476.162720	-177.612228
5477.508545	-177.452988
5478.854370	-180.251526
5480.200195	-181.571198
5481.546021	-180.730835
5482.891846	-181.611145
5484.237671	-178.814697
5485.583496	-180.491196
5486.929321	-180.631500
5488.275146	-180.724869
5489.620972	-181.133392
5490.966797	-180.590393
5492.312622	-180.083923
5493.658447	-180.916229
5495.004272	-181.788010
5496.350098	-181.108719
5497.695923	-180.541550
5499.041748	-181.257965
5500.387573	-179.052917
5501.733398	-181.291641
5503.079224	-181.336014
5504.425049	-181.731628
5505.770874	-181.514542
5507.116699	-180.134583
5508.462524	-180.495361
5509.808350	-180.234329
5511.154175	-180.024460
